Mode,Time,Freq,North-Vision,East-Vision,Down-Vision,Yaw-Vision,North-Desired,East-Desired,Down-Desired,Roll-UAV,Pitch-UAV,Yaw-UAV,Roll-Control,Pitch-Control,Yaw-Control,Thrust-Control,northVraw,eastVraw,downVraw,N-Velocity,E-Velocity,D-Velocity,yawVraw,yawRate,Q-Size
GUIDED_NOGPS,0.004881620407104492,205.65354253493504,10.928303130955483,61.11080639954154,96.06971752505011,12.672743918255913,16.951474367363378,58.09326017954032,99.68425679076373,-0.2707483251733352,-0.743393787200221,21.31801760722862,-3.025027626761955,-4.780084503157547,10.0,0.5072296690185032,21.83644609522549,57.59928843308411,103.86753384038114,6.721710413694382,4.8282962292432785,17.90156066417694,11.392419729623255,-5.070480576591822,1
GUIDED_NOGPS,0.01571059226989746,92.39572640158607,17.534946172994132,61.44144892808517,106.6564132919809,11.861411971871902,16.95109847455737,58.093007832442495,99.68395846869754,-0.2650973041305017,-0.7432659345966949,21.414295953769116,-3.0826237447970217,3.439830214313746,-8.414040626863807,0.4860527669180538,21.83644609522549,57.59928843308411,103.86753384038114,9.641042351722717,4.669284075498581,14.423948526382446,11.392419729623255,-3.639651568122531,0
GUIDED_NOGPS,0.02780008316040039,82.744209903334,17.822727774828753,61.01337619403555,106.47141961222513,11.718354555391727,16.948518076940886,58.09127554111011,99.68189428838153,-0.2809701301530824,-0.7317348677304208,21.457761570099787,1.579568270222866,2.04126951045414,4.779802595082576,0.48641517429085723,20.13702575636134,58.02651613809059,104.67935523238174,2.7575384825468063,3.615407273173332,16.112811863422394,11.173995530495748,-4.453927084177588,0
GUIDED_NOGPS,0.06455659866333008,27.21135605755881,18.25830868076878,60.730383239019346,106.45534286880093,11.559917961148512,16.941666948987134,58.08667619196501,99.67636415568607,-0.25578348742354307,-0.682567270742408,21.604293033458653,0.09588436839512296,1.0020968827362438,6.072379253092176,0.4864263177789536,21.53664871947784,58.324605829770604,105.35702485237249,2.9303502291440964,3.7423253059387207,13.442286849021912,10.821078835239117,-4.5577075397477,0
GUIDED_NOGPS,0.09526324272155762,32.57661240213744,19.353943213749353,60.43586360036323,106.77717176073048,11.38938441776733,16.928626556131988,58.07792182040242,99.66573883070399,-0.44652052206011594,-0.8078371556278202,21.740177939448767,-0.1226595089120261,2.778827512728748,5.721763770816673,0.48575268356776935,26.96141004665688,57.09355626474008,105.08171408364646,4.600004106760025,3.5743992775678635,13.82528692483902,10.882076287440682,-2.510762384414466,0
GUIDED_NOGPS,0.12920045852661133,29.469903390128227,19.719548041863067,60.29199681774971,107.08007202015249,11.227383897835283,16.907622579692525,58.06382127787387,99.64845895045087,-0.47787802726135026,-0.7185871271041165,21.86562802393439,-0.1250334979287925,1.0453060456582168,5.782928898578434,0.48510222220094873,21.825132116167808,58.083711522466984,106.17971083335786,2.8282884508371353,3.6461643874645233,10.966163873672485,10.693154733635666,-3.5140990307993567,0
GUIDED_NOGPS,0.16292524337768555,29.660589774414824,19.959766668502755,60.172236060735614,107.43408445806789,11.068345993711787,16.877021441785537,58.04327789897021,99.62303405156545,-0.3883686649925976,-0.37352642380232187,22.004892166016365,-0.13041955660069174,0.8309747356864309,5.696567500492578,0.4843328248645227,20.794518206134136,57.96045736455414,106.65862274272874,3.4536559134721756,3.425118327140808,11.140332370996475,10.65435666667,-3.7401646319484385,0
GUIDED_NOGPS,0.19614934921264648,30.101436065997316,20.33553011649379,60.072115466699685,107.75449666835796,10.955067346940908,16.83532683024607,58.01528716850457,99.58804159301008,-0.3133660909124231,-0.06919557926434136,22.087523794595178,-0.24024163209565189,1.1686925151323029,5.892540434996845,0.4836111401702843,22.171107719482485,58.03133612860492,107.06741011358329,7.212290167808533,2.782944217324257,9.044139087200165,10.465596210410741,-0.8381839529144514,0
GUIDED_NOGPS,0.23651814460754395,24.777754804255746,20.60153187656871,60.000954218558334,108.10719060249677,10.822284311607199,16.781176223545952,57.97893438859537,99.54212597877095,-0.2093281692271129,0.35869786967081263,22.225860738497325,-0.27277534208798426,0.974197558152081,5.706692879719766,0.48280235552114936,21.876820250892923,58.381130106939494,107.64720920091253,4.12321500480175,1.827005296945572,10.909800976514816,10.238270320979147,-2.015026187237883,0
GUIDED_NOGPS,0.2649714946746826,35.15231566067148,21.01348614873757,59.94975694885365,108.45213146911047,10.701570845498972,16.713337415712285,57.933392345749255,99.48399758055864,-0.09792359503725301,0.625125753348571,22.324773830510157,-0.3893332821279183,1.3002173125791736,5.729135994142452,0.48198369817872966,23.511422321637962,58.316068425599255,107.65642523865932,7.279498130083084,2.635088935494423,11.403083056211472,10.108861564414461,-1.4029532989191766,0
GUIDED_NOGPS,0.2999145984649658,28.623027788393294,21.268222601958094,59.87121097141912,108.73713574095244,10.558039010981112,16.630705041246024,57.87791897794413,99.41243176050837,-0.14698617786677687,0.8795325307675333,22.45252910384066,-0.3072761059400565,1.0689810775071098,5.497060885512129,0.48125777736239145,22.376409807149876,58.0530041866044,108.23970271628966,5.00611737370491,1.4950535260140896,6.442097574472427,10.011737974492489,-3.032409757981139,0
GUIDED_NOGPS,0.3316655158996582,31.502249461105727,21.567404413476087,59.819939306109084,109.07650361523696,10.417728950088065,16.532297100040456,57.81185504171208,99.32626789388047,-0.1951469889628739,0.9982389773865336,22.563026196685833,-0.414321518325951,1.2544527622430224,5.388740695120284,0.4803940157815246,23.721302037354103,58.21965847403415,108.28227954483742,3.353656828403473,1.9932573661208153,11.789963394403458,9.915327973616826,-3.171082661813085,0
GUIDED_NOGPS,0.36356449127197266,31.358109977197113,21.751683989946578,59.751984578849786,109.27643644192698,10.307020313375315,16.417251482299747,57.73462177922239,99.22440839176069,-0.257718725475331,1.1386640381839992,22.69980756500451,-0.3719477182273892,1.0905445022695712,5.4882869475944,0.479777638412769,23.025595493014873,57.890852536984575,108.48631674457414,1.4584400691092014,2.2190844640135765,5.750254541635513,9.9162342377136,-2.4451443301713307,0
GUIDED_NOGPS,0.40019822120666504,27.30009047299804,21.982433042134996,59.68017650860915,109.47673088973318,10.211618464334869,16.28482249345746,57.64571858536453,99.10581772376062,-0.27206591135291297,1.029913872940762,22.801778874218215,-0.3941520816331444,1.1534677144794425,5.608128513801105,0.4791246126202693,24.702950820672598,58.04837989160658,108.38901865927133,-1.5956073999404907,0.7207879796624184,6.6986218094825745,9.725912249294367,-1.251960654815232,0
GUIDED_NOGPS,0.43109822273254395,32.368451921592836,22.097871816421517,59.55537508294045,109.67461331918602,10.092517315224343,16.1343773790951,57.544720674831105,98.9695214407181,-0.373923615310814,0.9837128725692089,22.91374958037682,-0.29977572928793045,1.1064430078444185,5.282458042927746,0.4784430608624465,24.36011863386335,57.394815304054895,108.84361194163726,-6.740213185548782,-0.8162064477801323,3.5622570663690567,9.668243752822832,-2.4302308255620195,0
GUIDED_NOGPS,0.46965742111206055,25.938158610795032,22.232815367875332,59.47140373322889,109.80757106905301,9.929936788595707,15.9653928498606,57.43127674920085,98.8146051973975,-0.3884551095742806,0.8956477217839438,23.045326344547945,-0.3929226345665653,1.0650137837806335,5.1151223097755025,0.47785034887168254,24.05201436669575,57.88358857581001,108.90079904121185,-1.9227007403969765,-0.09928456274792552,3.578256443142891,9.504352712914178,-5.665447683021054,0
GUIDED_NOGPS,0.5000381469726562,32.925424686783686,22.45272435706328,59.40487921294761,109.90059565404371,9.778067884991826,15.777451606386883,57.30510666402161,98.6402137751902,-0.31758047771287967,0.9172345346557691,23.177678335189867,-0.5447926576248472,1.4748504404633027,4.862790779683452,0.47730189122563055,24.734894298603372,57.99055143760643,108.91694783342325,1.3453342951834202,0.03728757728822529,0.3306867787614465,9.316180732469906,-4.406015014697241,0
GUIDED_NOGPS,0.5333902835845947,29.988017102083422,22.569552759349826,59.328116973940205,109.97125374659579,9.621403064574707,15.570238864210372,57.165999095893326,98.44555010481496,-0.2666598699857008,0.8401285291154951,23.272583813707193,-0.49873594474102684,1.2429659899952918,4.8372419313867425,0.4767558080035808,24.2470561244855,57.977295812327704,109.03072594012963,-1.7101382836699486,-0.6039725150913,0.9637210518121719,9.288152179068685,-5.639857098635132,0
GUIDED_NOGPS,0.568840503692627,28.213123465509703,22.696019653392185,59.256112647902725,110.03640303156374,9.493758093609848,15.343538878689518,57.01380920955101,98.22987428901821,-0.34653541051270914,0.888229122489105,23.36315553719615,-0.5428657076142007,1.3071136269356787,4.9576392731132675,0.4761778348968421,24.71624935242522,58.035584964369384,108.96620692578945,-2.8071561828255653,-0.9949563071131706,-0.33017722889781,9.197089669114364,-3.3496340520009733,0
GUIDED_NOGPS,0.6003875732421875,31.705374555899915,22.667681284806083,59.2261340946055,110.34002172707432,9.37308044663612,15.09723146992332,56.84845632494772,97.99250262527457,-0.31624939123752055,0.7689082256490681,23.51233540640569,-0.6328782155884429,1.0654825044497995,4.8787246656991625,0.4750798560857047,21.96093339231227,58.95625835855466,112.98362602790345,-2.4393275380134583,-1.7007824033498764,1.3625288382172585,9.117338112154293,-3.0865432760217213,0
GUIDED_NOGPS,0.6479740142822266,21.017969713065877,22.733536448676553,59.127672816553876,110.35983704248423,9.23943771513285,14.831288547669862,56.669921584337544,97.7328066284871,-0.4230970819926448,0.8087181433090461,23.704705976831807,-0.5623557294732415,1.3343154234960461,4.745038586059402,0.4745039292786718,24.449885612209492,57.80374196144597,108.99752200118924,-4.521194472908974,-2.0744748413562775,-0.9198336862027645,9.029809770327573,-4.207294075890305,0
GUIDED_NOGPS,0.6689541339874268,47.67879959076958,22.540742850868657,59.081132807928626,110.42387499725899,9.047965967895399,14.545770636264825,56.478245619358574,97.45021205368778,-0.48035525149594926,0.778391356342249,23.76716634924428,-0.6109247200302732,0.8267005834256893,4.3041208049433415,0.4737929942206558,20.479675675684724,58.78708428534249,109.18681751008376,-7.62987807393074,-2.2984379902482033,1.2888859026134014,8.728940381927263,-6.958712839624881,0
GUIDED_NOGPS,0.7054691314697266,27.394235479299063,22.46082098091237,58.99146218113215,110.44118303653157,8.894151835601114,14.24082339954002,56.273526218115904,97.1441979187378,-0.5313560605850229,0.8118639790303659,23.88286633868971,-0.5797764733721827,1.0866916552409456,4.514422202639439,0.4731264462925355,22.70660340969295,58.16694888965965,109.0318128605629,-7.749198377132416,-3.0049048364162445,-0.7542692590504885,8.788270844374221,-5.168888234606073,0
GUIDED_NOGPS,0.7354001998901367,33.41515762302722,22.41038225858926,58.89212423720117,110.39805926334921,8.740990055864605,13.916674165741913,56.055915992264595,96.81429552702804,-0.6405565914266579,0.8622901450946593,24.012537480082404,-0.6773629219118692,1.3164144625920795,4.226298414969693,0.47253654399110856,23.48840853167853,58.145280784492556,108.74275633295846,-8.030836284160614,-3.6662522703409195,-3.4939922392368317,8.633271323853261,-4.684474570082667,0
GUIDED_NOGPS,0.7694635391235352,29.362212717102913,22.349470355325586,58.752117235942485,110.24871086536052,8.649283523232622,13.573628452450153,55.82562004409265,96.46008749017935,-0.6451328715314193,0.88284591956693,24.17375555770409,-0.5949521029098017,1.2978090648855345,4.6511305425067615,0.47210803698816783,25.486298516662647,57.5773194613443,108.48610678695063,-14.881044626235962,-4.683421179652214,-7.1816518902778625,8.620673478277334,-2.52646562964656,0
GUIDED_NOGPS,0.8018302917480469,30.901819789287558,22.34723151518732,58.62874097626454,110.1315402463608,8.512036617424757,13.212066491496087,55.58289363360401,96.08120675074304,-0.707132953226858,0.8436944214707707,24.28583383934212,-0.7012295024955706,1.514828431925383,4.259660542846154,0.4715664152130103,25.486298516662647,57.5773194613443,108.48610678695063,-10.471803694963455,-3.7195421755313873,-6.324294209480286,8.620673478277334,-4.7829428460258026,0
GUIDED_NOGPS,0.8398425579071045,26.311588429762434,22.311385099874016,58.508244030776225,109.98332269572452,8.377993784195386,12.832439753881296,55.32803984560152,95.67733560490113,-0.751093544828941,0.9418115830018848,24.46024954998757,-0.6817581827163159,1.4053865146848161,4.321353918125946,0.47103336149677394,24.35002747905299,57.76976315923983,108.33074416162295,-8.557133376598358,-4.461082071065903,-7.069884240627289,8.376284731137932,-4.6068298333716085,0
GUIDED_NOGPS,0.8690574169158936,34.23642151661089,22.10063268613219,58.38137860052887,109.91322250110548,8.2589649996377,12.435267474696111,55.061407256769925,95.24820472516686,-0.8088229440241235,0.9730749596586199,24.57075859566379,-0.7486783397561769,1.2294685566784989,4.132984331734251,0.4702983198681911,20.6825548952576,58.22669440840315,108.43167434876818,-8.220914751291275,-6.376117467880249,-2.7307817712426186,8.053393318666414,-2.5784196770116736,0
GUIDED_NOGPS,0.9033663272857666,29.153227544119385,21.97683225145134,58.228032439413774,109.80148532675172,8.134778751009216,12.021133178038156,54.78338760275882,94.79359218308498,-0.8211840923179656,1.0347483662126615,24.7431781835243,-0.7004443491377684,1.4038399476008707,4.161049004333396,0.46959185530438746,23.069583329014293,57.69719505975159,107.9037892506406,-10.677233338356018,-7.044440507888794,-2.7646608650684357,7.996642906790404,-4.370641464985744,0
GUIDED_NOGPS,0.9360413551330566,30.60999532928538,21.779331061698187,58.04566924587967,109.7356036756362,8.0224054960859,11.590681201930849,54.494413445265685,94.31332247193218,-0.9390065096871252,1.021071872895063,24.820871585333194,-0.6731011963697858,1.338463111020422,4.1266921810099335,0.46874289077083725,22.17141261711024,57.34581310014976,107.99611727730539,-12.355537712574005,-7.6051004230976105,-0.9489201940596104,7.949180222383058,-2.7215016813962745,0
GUIDED_NOGPS,0.9701597690582275,29.31521708742207,21.579500998567735,58.010954277471626,109.76893574308335,7.869822909396776,11.144613223241945,54.19495583911879,93.80726552941742,-0.957425395444534,1.079247368820412,25.014268391682105,-0.9833570566072947,1.3266527586833063,3.827176599772373,0.46764233627829,20.561974009754117,60.19316139955383,110.79779485651144,-7.702258229255676,-7.111436128616333,-3.08965053409338,7.44214445844865,-4.385908645328016,0
GUIDED_NOGPS,1.0047197341918945,28.940405301906452,21.32595924656326,57.93305922660018,109.7951455145709,7.742666806105393,10.683684782602061,53.88552199936025,93.27533576038239,-0.937119243042086,1.2003741570048296,25.14821010885335,-0.9436778976342857,1.2870873812570918,3.8745557687008816,0.46650426239666387,20.57080162215696,59.90657322309244,110.74124395314124,-11.505375057458878,-8.793001621961594,-3.1433943659067154,7.421386516706999,-2.8910820449961743,0
GUIDED_NOGPS,1.037966012954712,30.085458314504386,20.98449319925915,57.85685047502137,109.8944971066591,7.603114798029471,10.208701809323177,53.56665296832893,92.71749105950181,-0.9653078606335518,1.2687472320827133,25.317901036140437,-0.9341282863258284,1.1292799961285185,3.7605936448228663,0.4651659371036123,19.130144976084022,60.10252374721752,110.85423494222991,-13.457798957824707,-9.317319095134735,1.5719568356871605,7.300270096989307,-3.8925978056370214,0
GUIDED_NOGPS,1.0710959434509277,30.191139103833002,20.721387496770024,57.66530228659743,109.77911550380608,7.475408419062403,9.720517146317203,53.23892128274351,92.13373183398384,-1.0274143438696546,1.257027908127441,25.388202465720084,-0.7882547970796189,1.3811186592863933,3.712316658757663,0.46420585832067873,21.05094601447103,57.88426342612145,107.39504618114165,-14.361068606376648,-9.972493350505829,-1.3864429667592049,7.370526289154171,-3.6984471171584703,0
GUIDED_NOGPS,1.1107723712921143,25.206911265362542,20.54559151676152,57.442908408900095,109.71308133605616,7.354549955161944,9.220027075014478,52.90292864078539,91.52410002627052,-1.1237037894675557,1.373946125844367,25.616714982139325,-0.7286283501683648,1.5161437062318113,3.8041311934092557,0.46308976659975487,23.006879523318567,57.54557339493407,107.18899023865269,-14.844730496406555,-11.301447451114655,2.2960904985666275,7.389908542248074,-3.78264328594404,0
GUIDED_NOGPS,1.1436285972595215,30.44181708653588,20.17212129011633,57.14413575724605,109.66016033333125,7.187512187337781,8.708167840282279,52.55930356918171,90.88867813673801,-1.142531632801519,1.2950057876251218,25.719022678169654,-0.597863440256416,1.2668022495969002,3.297737570168404,0.46190004555157427,19.995435159436248,56.91023328918645,107.40876709302117,-16.850532591342926,-12.931971251964569,1.8087752163410187,7.234707771850758,-5.0278157999413375,0
GUIDED_NOGPS,1.1778614521026611,29.217197469976874,19.651037513471863,56.83973301389119,109.54289239146446,7.051546205769405,8.185912175343395,52.20869909028832,90.22758824639713,-1.1534430734440257,1.3598536313176326,25.867273641652073,-0.5618688029338558,0.9786005153927715,3.4359203205143745,0.4607859744865002,17.975138487678244,56.863141827805606,107.40611705001702,-23.205815255641937,-15.106166899204254,-1.7675306648015976,6.958108460518979,-4.304620856468401,0
GUIDED_NOGPS,1.212867021560669,28.57213703277315,19.210880660989588,56.55367828828531,109.49654083222468,6.953720770849049,7.654265826694607,51.85179038917275,89.54099103959364,-1.1723784922574167,1.3352219414581568,26.006836604510237,-0.6328790319506039,1.1623176998669862,3.6098139509876055,0.45947771511052127,18.00856045605245,56.984109939988635,107.26017570858777,-18.095476925373077,-14.278726279735565,2.8855467215180397,6.840228088996632,-1.6782278517172617,0
GUIDED_NOGPS,1.2454354763031006,30.71130246316961,18.872603258881846,56.242617388838525,109.37218540474315,6.832593237180885,7.114264079025235,51.489272480697224,88.82908482670862,-1.0988325093786004,1.316596976086884,26.10738040418741,-0.6357300127406801,1.4299286075143445,3.360666360042443,0.4582756721924101,19.345506661004666,56.333442359047595,107.07260568659508,-15.805412828922272,-14.141848683357239,-1.59719567745924,6.8647687169466405,-3.4616764751458624,0
GUIDED_NOGPS,1.2794790267944336,29.37907750499072,18.36712803797711,55.896058838443665,109.27560077544015,6.70690655676411,6.566968280135654,51.12185787660158,88.09210456685894,-1.040314863664516,1.2065266633431302,26.17645581481104,-0.5327126227854903,1.1000794954445072,3.285637361879097,0.4569660391209023,16.59122133066481,56.58238305455579,107.0851892804308,-19.98566836118698,-18.165798485279083,0.021349661983549595,6.570678328712427,-3.6522861374265854,0
GUIDED_NOGPS,1.325941562652588,21.525920071439934,17.90563356767155,55.5200718210002,109.25030134011935,6.6121486368359,6.013462365855833,50.75027425258633,87.3303208905975,-0.945789314419771,1.108657523056252,26.260765962378386,-0.49225655235206667,1.1694800080736965,3.55252511194524,0.45545300753998774,16.74222889876203,55.76086073221715,107.05496053208279,-17.913757264614105,-17.729443311691284,4.344767332077026,6.532692638915164,-1.8044873136195325,0
GUIDED_NOGPS,1.3571019172668457,32.10188586823414,17.35369147128954,55.0769087098879,109.15481884640619,6.433167134566387,5.454849384963849,50.37526211539556,86.54403912261378,-0.9139424901975287,1.1353505426628967,26.36309756407081,-0.33763003978044026,1.061802480940487,2.73633753478644,0.4540425941427021,15.836364381183687,55.74732251863081,106.95220530313867,-15.591272711753845,-17.450538277626038,-0.21848957985639572,6.333185047345849,-4.357648310750265,0
GUIDED_NOGPS,1.3910419940948486,29.469075170906844,16.808994938649036,54.72309546790011,109.07232087120211,6.321875387774321,4.892248024104415,49.99757246989996,85.73359830443404,-0.7970139738359946,1.0179186733760444,26.528393264626995,-0.5238884599912051,1.0659990987204135,3.1356586400789044,0.4525551034172657,13.935742844199023,55.834250667111355,107.07151795586192,-18.158958852291107,-18.48447471857071,0.5668819416314363,6.2264826761771035,-3.215262459798843,0
GUIDED_NOGPS,1.423705816268921,30.63839236798469,16.235024683352588,54.327881290098915,108.97171771327879,6.222378652477203,4.326789132707386,49.61796448617978,84.89937021712186,-0.7366709600662243,0.9536030508302655,26.584819164907763,-0.4385816513539445,1.0199714403908655,3.125864600267189,0.45105631613309116,14.189785742245647,55.54001153357322,106.82017451939294,-21.271322667598724,-20.350217819213867,-0.03486608620733023,6.1354420963437715,-2.2394533967598083,0
GUIDED_NOGPS,1.4573643207550049,29.700705995652143,15.557807636006213,53.943114542226986,108.86460754248527,6.096635516000757,3.759612247906336,49.23720316660784,84.0417584039784,-0.6757994604094245,0.9054631305080753,26.69135474803433,-0.4356811779181624,0.7981589790412343,2.9065851843750607,0.44952208081216255,10.822870117522207,55.2035541042366,106.78219974551784,-19.474616646766663,-19.4589763879776,-0.5198327358812094,5.962581494028911,-3.826082435291675,0
GUIDED_NOGPS,1.4905059337615967,30.17832268462557,14.892264559396441,53.51260509638554,108.76225731895403,5.972919771643959,3.191862119457035,48.85605701293248,83.16119719324288,-0.5828182809690426,0.9320643694477477,26.809342850851714,-0.34333789508091406,0.8236210637473043,2.8367925340549944,0.4479317372670649,10.44080689695734,54.423478276772954,106.88333729580262,-18.356363475322723,-20.2536940574646,-0.7316009141504765,5.904893544475778,-3.7228757156118437,0
GUIDED_NOGPS,1.5250749588012695,28.93461554381269,14.18903634494558,53.094018331304724,108.60722427583394,5.837856849563966,2.6246852346559884,48.475295693360536,82.25815072079288,-0.6056246027728326,0.7880867565082292,26.895942819338305,-0.35677210818397637,0.7435917493567149,2.7268317951754932,0.4463990163603347,9.450827066585882,54.64194517997466,106.7128951431288,-19.53730285167694,-20.965862274169922,-3.6604829132556915,5.743673076869321,-4.352879131162303,0
GUIDED_NOGPS,1.5700454711914062,22.239977093529454,13.420269440220311,52.63362495572022,108.51251025902562,5.751329835191095,2.0592263432589597,48.095687709640366,81.33311195284473,-0.45171605486267424,0.7720401875486362,27.00670628956111,-0.29324402882931666,0.6795598511409862,3.054271703363014,0.444690919759705,9.338717661469158,54.25889736333179,106.71675479569807,-24.644312262535095,-22.995902597904205,-0.15771682374179363,5.757262371369485,-1.7185986453019741,0
GUIDED_NOGPS,1.5928559303283691,43.85512337933919,12.639485503506332,52.16489931435133,108.42561715767218,5.667912085730428,1.4966249823995206,47.717998064144766,80.38660170865398,-0.37060104844472014,0.6923063200860529,27.125840156611766,-0.1283850656131435,0.36705377801632205,2.707930475069725,0.44294467744944865,7.667542241259408,53.49707538919242,106.75001723306745,-22.958751022815704,-22.43960201740265,0.009948492515832186,5.691244659439825,-1.7300611968331365,0
GUIDED_NOGPS,1.6287734508514404,27.847850479699897,12.012684608290298,51.795127529702796,108.368699230331,5.577576870728322,0.9380120015075413,47.342985926953986,79.41916768321568,-0.339885581025467,0.5442596753093522,27.205500652901623,-0.4299396939299436,0.8158575471928606,2.769334347012425,0.4410873998089601,7.522449532021534,53.158379292792006,106.6441443937847,-22.950316965579987,-23.15373569726944,1.687006838619709,5.506532636445623,-3.9355131648526807,0
GUIDED_NOGPS,1.6588571071624756,33.24722761682058,11.127136571555269,51.278000479379315,108.27245883962642,5.479631669881324,0.3845060872277166,46.97140230293873,78.43138346996474,-0.23062133732548054,0.4454440468943249,27.36384492843003,-0.08293439441316196,0.2994779309511004,2.7225801662852023,0.4392629420840123,5.428215151025084,52.527282046583764,106.62863011610395,-27.86518931388855,-25.512832403182983,-0.7801633328199387,5.382357723192838,-2.665054650217762,0
GUIDED_NOGPS,1.6972579956054688,26.047209474187557,10.096247356777726,50.72077016952816,108.16542123451904,5.404961688565744,-0.16278971166186196,46.6039876988431,77.42384758347647,-0.28330898969613577,0.29218335309911286,27.45742876534296,0.06345503390469433,-0.0734706137484748,2.796304925011398,0.4374208330758366,2.0186374205798345,51.75577053856102,106.53795448973585,-26.95716619491577,-24.710945785045624,-1.3162657618522644,5.2655968044364965,-0.6187417142695776,0
GUIDED_NOGPS,1.730180025100708,30.37897816986079,9.045921792673523,50.34118114336511,108.17822519537351,5.342414059326765,-0.7027914593312197,46.241469790367574,76.39718248216678,-0.10009692921463932,0.23721188290516104,27.55108261169488,-0.2761720864104387,-0.07945988155212647,2.8758894640459975,0.4352936406711383,0.17765310354913488,54.93883112551498,109.55462062059522,-26.298946142196655,-24.209846556186676,-2.6550522074103355,5.299430246830934,-0.5292670899160569,0
GUIDED_NOGPS,1.7645847797393799,29.073003022153216,8.290425729672062,49.73663863595875,108.08779622860322,5.196366033573857,-1.2344378079800258,45.884561089252,75.35203359099268,-0.028497950455673278,0.016432192835694318,27.688838989517578,0.13732296419103013,0.42593095120672214,2.2677130135114294,0.4333392088792738,5.5814343357736025,50.51362538113368,106.72397695794206,-19.108591973781586,-22.906886041164398,-0.737990252673626,5.0597624489878115,-4.46603017938685,0
GUIDED_NOGPS,1.7989685535430908,29.0917565458644,7.371040230388058,49.167950927394884,107.9606067943743,5.064720390575471,-1.7566934729189008,45.533956610358615,74.28906832415254,0.17759768500438564,-0.19389071440326758,27.835110905687984,0.14972145741838822,0.008615663762008986,2.2461966364745765,0.43142291825612855,1.9265524849320699,50.31971215311323,106.56161326287159,-26.25386416912079,-24.981790781021118,-2.9081586748361588,4.9852883120297715,-4.401569415321208,0
GUIDED_NOGPS,1.8379814624786377,25.637241598513466,6.507140580929998,48.62430195522568,107.84562566782638,4.96729534150035,-2.268552707651107,45.19033153875493,73.20897510778664,0.27600762419509794,-0.3067762390238302,27.983151840853427,0.10125302497698868,0.10505052043726464,2.4230185658184644,0.4294442588013359,2.2116190707461,50.19195283893468,106.58088956438176,-26.575341820716858,-24.927757680416107,-2.4537600576877594,4.950627498442154,-2.750552610370454,0
GUIDED_NOGPS,1.864759922027588,37.35275939762577,5.325786303510828,48.08181977460831,107.70714560334073,4.85295408652802,-2.7690427789538354,44.854338896796804,72.11246240267744,0.38078267270224064,-0.5568110016828969,28.072014309502585,0.23512418046356065,-0.7308098134751417,2.197917575468562,0.4274825826724862,-6.175371935547828,49.850660536740975,105.8045532062722,-24.542200565338135,-24.488826096057892,-1.8814245238900185,4.588425498485382,-2.9573267690956584,0
GUIDED_NOGPS,1.899275302886963,28.977594771422453,4.277713082631994,47.565092220268035,107.58993163463022,4.722795038753403,-3.2572274419598095,44.526607211211385,71.00025772694993,0.4998999445276465,-0.6848367611767034,28.198357441222186,0.1601033322474915,-0.4350682253503911,2.0789675912717445,0.4254421184960814,-4.646498319383597,49.587827948060564,105.99380448592655,-24.979636073112488,-24.80236440896988,-1.4973771758377552,4.532044748929822,-4.384762027321099,0
GUIDED_NOGPS,1.9332542419433594,29.440943389604463,2.8979794488378223,47.00992353560178,107.44368167165503,4.5498382269043365,-3.7322104152386935,44.20773818018007,69.87310667877207,0.7036837076960015,-0.7239741186468467,28.391173681491647,0.3467958439402742,-1.2653718401355487,1.6937322661539052,0.4234301463136631,-11.433163967186331,48.882720982428594,105.09925303994987,-26.69127583503723,-23.83667081594467,-0.8055101148784161,4.448065929019951,-6.573202875604198,0
GUIDED_NOGPS,1.9700379371643066,27.189835342927523,1.63219074377068,46.476695337163186,107.23449762241091,4.398401915095289,-4.193138855878569,43.89830434042153,68.73177195905524,0.7393385224630846,-0.8135279305060573,28.48548322600389,0.2648660330374676,-0.9532831327871997,1.8290665533100796,0.42150825589968083,-10.628730503656598,48.30174686864039,105.21087267217527,-25.962090492248535,-23.209288716316223,-5.488445609807968,4.2765892311028,-5.301779383305603,0
GUIDED_NOGPS,2.0002784729003906,33.07549877769892,0.13832172029442624,45.90647633852061,106.96543731007499,4.236499992557152,-4.639206834567485,43.59884673427462,67.57703239415441,0.7240622707758222,-0.9563618069247161,28.577318534489297,0.5643239844495844,-1.994361379992751,1.450434968355756,0.41969015611875893,-15.332888751281732,48.2725242793985,104.26446904084474,-23.87854754924774,-22.170817852020264,-6.302257627248764,4.146410457587405,-5.029870833107865,0
GUIDED_NOGPS,2.0387637615203857,25.98846280151929,-1.0960968122087613,45.51380414368488,106.6813173051523,4.114745584985295,-5.069658810674806,43.30987257678148,66.40968195856877,0.7735827964448543,-1.1466326277895826,28.742798650153073,0.08086519885224593,-1.0761579937847974,1.8420253740838652,0.41786111609736254,-13.9502697266457,48.65480903684475,104.47565861495286,-26.302215456962585,-21.677888929843903,-9.263966232538223,4.024466819175684,-4.321177235016512,0
GUIDED_NOGPS,2.0693888664245605,32.661848990779966,-2.5227708938991475,44.99169472846019,106.38341224444959,3.9752688750110794,-5.483793107332712,43.0318529227704,65.23052879764188,0.8398661538018314,-1.1763868528048622,28.88253407528778,0.5232552675607641,-2.061810263557359,1.45179971589382,0.41604942251203725,-15.175414170741265,48.417106900290825,104.23048375923413,-24.07830059528351,-20.582619309425354,-8.299160748720169,3.988721282895442,-3.582777436677481,0
GUIDED_NOGPS,2.1009767055511475,31.662532366063004,-3.9164403742688174,44.584231321509,106.00746641771556,3.821589537910177,-5.880965386517925,42.76522033393881,64.04039425026231,0.818208104191397,-1.3633427907664513,29.044385652954986,0.26955070221784205,-1.9388863039193263,1.3494366246517036,0.41436636055601894,-21.612967041626316,46.63979966999133,102.79772851907158,-23.993372917175293,-20.733849704265594,-11.441323906183243,3.680214511830997,-6.0448369437717595,0
GUIDED_NOGPS,2.1413414478302,24.777754804255746,-5.44657696170996,44.086288872323436,105.65702618384992,3.6997671099920937,-6.26059212413271,42.51036654593631,62.840111871563714,0.8659625457123048,-1.629004492637978,29.131815489425733,0.3913097115849944,-1.8896714733419042,1.6159418229417097,0.41259758004294766,-20.97924455402965,46.44765753023791,102.95894120530157,-32.03563094139099,-23.018714785575867,-10.232418030500412,3.6235809146746147,-3.572617103400264,0
GUIDED_NOGPS,2.1698076725006104,35.13729695314529,-6.831844376121406,43.65891062976,105.31986961461725,3.5373787931501917,-6.622154085086759,42.26764013544768,61.630526455625464,0.9223047761757399,-1.9206940177240137,29.254574479378373,0.47051539535612036,-2.513120686369364,0.9755621978307987,0.41080323343206754,-21.536779719114225,46.757374686182004,102.76002205117635,-21.23798429965973,-18.74656081199646,-8.986406028270721,3.540557544503205,-4.461467613021282,0
GUIDED_NOGPS,2.2028913497924805,30.232486394925576,-8.124976913835548,43.32624646198415,104.95721810096985,3.425232853933748,-6.965199798378546,42.03734418727572,60.4124930581729,0.8284311898316136,-2.0326546920422746,29.4181984911352,0.2242487194201474,-2.088622924538765,1.3786635622742656,0.4090333928142069,-23.622973383207587,46.172851920154145,102.03705245012989,-23.520010709762573,-18.55279505252838,-10.9188012778759,3.271078158089502,-3.7860711871337407,0
GUIDED_NOGPS,2.2365033626556396,29.756755798031968,-9.546350221726275,42.946178486185374,104.56810226338611,3.2886038640350987,-7.289349032176656,41.81973396142439,59.18687601927778,0.8318111729754178,-2.28685533648652,29.54315680200058,0.3655078218008983,-2.4548792113440876,1.16178515644273,0.4072992559218041,-25.212988756055026,45.62771885991363,101.55986699803671,-21.793873608112335,-15.531520545482635,-10.439828783273697,3.228282753259726,-4.336630538013666,0
GUIDED_NOGPS,2.2697410583496094,30.09085430596608,-10.911361978157272,42.58674841335992,104.1694098960091,3.085583656227033,-7.594296268901427,41.61501456018175,57.95454798605862,0.8699103416917192,-2.452376433285316,29.729255551221335,0.3596899749604898,-2.5021646161529696,0.6304683354624561,0.4055705041066139,-25.96317316898098,45.70304033515002,101.33752105504061,-19.072890281677246,-15.271243453025818,-10.948055982589722,3.16707875033796,-8.468647391513967,0
GUIDED_NOGPS,2.304020404815674,29.1775639821636,-12.236585733502427,42.22918497945908,103.77150662957628,2.8763582103609147,-7.8798141803064645,41.423338595202765,56.71638893538101,0.860766265857806,-2.6148935275097767,29.87361501442414,0.3746531302257611,-2.489114292602478,0.5043843422659828,0.4038255099347953,-26.244917112788848,45.31458489466472,101.07955064820435,-19.072890281677246,-15.271243453025818,-10.948055982589722,2.8875042821760397,-8.468647391513967,0
GUIDED_NOGPS,2.3394525051116943,28.228123780167714,-13.504217950747467,41.908913708863366,103.38740140430593,2.6951392643528442,-8.145757102559937,41.244803854592604,55.47328519655818,0.9389344725357227,-2.6701580821882307,30.062913707271044,0.3202775948848265,-2.4381305446633914,0.593727673487122,0.40203963469824794,-26.141577053358937,45.35206050245782,101.03388360072398,-18.565815687179565,-13.800333440303802,-10.40448546409607,2.8098789860264075,-6.698388717146307,0
GUIDED_NOGPS,2.3723883628845215,30.36864017145381,-14.866825078163687,41.52467808962323,102.96285392469566,2.504930321502109,-8.392064511326137,41.079450969989324,54.226128474051166,0.9390688351633015,-2.9649219394527124,30.268632174882658,0.521913093676574,-2.924247301317203,0.347714262270552,0.40033022086267467,-28.452261038110002,44.09401169828008,100.0992272967114,-18.565815687179565,-13.800333440303802,-10.40448546409607,2.608994351171538,-6.698388717146307,0
GUIDED_NOGPS,2.4055867195129395,30.131061335325644,-16.10998805783353,41.26738636037949,102.56382627299843,2.3681035903033876,-8.618764496847003,40.927261083647,52.97581487016937,0.9192847653455365,-3.2025386711487553,30.42018724237607,0.29357682743168,-2.81515385272618,0.5893803393969741,0.3985623682473027,-30.12375423093925,44.633088281295926,99.34612781202377,-14.905263483524323,-11.413198709487915,-8.644502609968185,2.41525350148794,-3.999551737850251,0
GUIDED_NOGPS,2.439910650253296,29.139050027441797,-17.32292524783773,41.0239531456135,102.18487926840922,2.1470163205860215,-8.825977239023498,40.788153515518715,51.72324390777082,0.9746612710933553,-3.235350259591262,30.697434866070644,0.2774371469091634,-2.7788797188383603,0.010909526887037169,0.3967452452961015,-29.988070844589373,44.43923535213048,99.33425481495271,-17.248165607452393,-11.305749416351318,-8.475600183010101,2.341953143882289,-9.414065954727853,0
GUIDED_NOGPS,2.4739394187927246,29.392665680908767,-18.532866108320263,40.78249567939071,101.77854052417406,1.9855896294721473,-9.013918482497242,40.661983430339475,50.469317552962565,0.9843834050466338,-3.4111704278847914,30.91349765518024,0.3088181643651443,-2.9441859088399047,0.24037570086080573,0.39498039294325493,-30.121538243745956,44.45414785109507,99.14552190529122,-17.167437076568604,-10.644737631082535,-9.754519909620285,2.2465393462809438,-5.39360103141267,0
GUIDED_NOGPS,2.5076775550842285,29.64654325438057,-19.678486616797418,40.56895674867036,101.37995223647668,1.8331055224738801,-9.182903011731693,40.548539504709225,49.214939237801204,0.995305944746542,-3.5735637249305454,31.06927719467531,0.28077840750970734,-2.9523651527516166,0.19616594740839388,0.39319839696616316,-30.48812520789933,44.39826720387956,98.86262869721273,-17.167437076568604,-10.644737631082535,-9.754519909620285,2.181651958226525,-5.39360103141267,0
GUIDED_NOGPS,2.5404062271118164,30.560482637016744,-20.814796882917662,40.362242127101894,100.87968262336484,1.6640760080692263,-9.333348126094076,40.44754159417579,47.961012882993,0.9295183097129196,-3.6454606440116266,31.287802266980695,0.3040138444432052,-3.138674331549524,-0.041620658468810356,0.3916222815814709,-30.758872100726386,44.33789006801595,98.61567848084562,-19.5572629570961,-11.115191131830215,-16.36715829372406,2.0224863292336988,-6.384650807810941,0
GUIDED_NOGPS,2.573979616165161,29.79416946070353,-21.8041412594619,40.22463955877107,100.3460066058594,1.5144858870209261,-9.46577711493634,40.35863840031793,46.708441920594424,0.9407166183005671,-3.7696368982170436,31.371297914489517,0.17443501351874874,-2.8695140663679997,0.024531557192658537,0.39011189261440726,-31.946543537147647,44.03178543422793,97.85496027482318,-10.450710356235504,-7.26064071059227,-17.714399099349976,1.788044337371328,-5.308025164414757,0
GUIDED_NOGPS,2.607323408126831,29.995094148019422,-22.775072417516604,40.095757365946845,99.8042094129736,1.3431108788229724,-9.580822732677088,40.28140513782823,45.45812831671262,0.9787054901339434,-3.798217397912139,31.671689634186677,0.17974689256383775,-2.9775468283506648,-0.22571217574614943,0.38862263216642057,-32.91994995157434,43.77646443980517,97.09118775914122,-7.875362783670425,-5.738415569067001,-16.223469376564026,1.4909985300992323,-5.751531545338487,0
GUIDED_NOGPS,2.6409642696380615,29.72933663162819,-23.682316295041332,40.010549571869774,99.28295162595481,1.1154515385783919,-9.679230673882639,40.21534120159619,44.21097159420562,0.9602345241841133,-3.887577189710239,31.82761943784348,0.10456680703161222,-2.9364783788061573,-0.6874481934117027,0.3870969050613855,-33.83934089113479,43.19482764217635,96.23585828223386,-4.620848223567009,-2.6048624888062477,-13.89150321483612,1.1410008985750468,-8.809842661312784,0
GUIDED_NOGPS,2.674454927444458,29.866940106670086,-24.50471339485505,39.95338481862825,98.77450523814936,0.9721923625185132,-9.761863048348939,40.159867833791054,42.967867855382764,0.9436807069569411,-3.8484773449196776,32.04918735942411,0.06211501897391961,-2.853112579824561,-0.2665209227284152,0.38555233057097427,-34.15378469134514,43.00596269683362,95.90196551251577,-0.7897675037384033,-0.9231383912265301,-13.124880194664001,1.0079959956988145,-3.6667153389350604,0
GUIDED_NOGPS,2.709150791168213,28.825841036390504,-25.302015140288102,39.949461613905754,98.25607928299702,0.8328852172337748,-9.829701856182592,40.114325790944946,41.72970880470518,0.9899538512016023,-3.7417022782853375,32.260926638789094,-0.030078509396277833,-2.880834855485855,-0.31667893085432924,0.38403570190798547,-34.70242424617018,43.913240359089656,95.30332752314527,-0.7897675037384033,-0.9231383912265301,-13.124880194664001,0.9349941897179422,-3.6667153389350604,0
GUIDED_NOGPS,2.741900682449341,30.540010776332842,-26.059117174051064,39.91876151447094,97.76684070263397,0.6733255450354647,-9.883852462882711,40.07797301103574,40.49738077148599,0.9413277067878717,-3.806121207442313,32.43790708546788,0.030255822515836323,-2.9287690212184985,-0.5567652103796629,0.3824734341464315,-33.391869416539954,43.21696756923217,95.57376078275593,-5.0207797437906265,-1.5083182603120804,-13.503026962280273,0.6598301806026821,-4.775354932744741,0
GUIDED_NOGPS,2.7753214836120605,29.9274629144696,-26.785329318270904,39.89284632109638,97.28975363689902,0.5183356456748299,-9.925547074422152,40.049982280570106,39.271763732590856,0.9944665785305709,-3.699505796479822,32.62188506095134,0.02930918164358916,-2.938868398668607,-0.6137926986449895,0.38089858648453623,-34.13890371852534,42.922412658343845,95.01910205501083,-4.475914314389229,-1.216849498450756,-12.336209416389465,0.5801138699449881,-4.701944059545444,0
GUIDED_NOGPS,2.809556484222412,29.214551887942385,-27.44557391581465,39.913823581602884,96.7778285364345,0.4269372479431144,-9.956148212329108,40.02943890166648,38.05373033513834,1.0056060834583327,-3.5241280963784622,32.80371494194083,-0.05432620806820011,-2.8618513721711247,-0.2808439201622631,0.37940641121902285,-33.98835797516306,43.313790191712414,94.37415426971157,-2.7146339416503906,0.12782925041392446,-13.83892148733139,0.27096778129321275,-0.34863377269178397,0
GUIDED_NOGPS,2.84216570854187,30.673121645141947,-28.04340363326343,39.92784427949391,96.2661020998136,0.3292453919790674,-9.977152188768624,40.0153383591379,36.84414491920009,1.0760026020778328,-3.4662330650959072,32.98379287940822,-0.03791823792423468,-2.8526107994466186,-0.399306937317787,0.37793288475640974,-33.43293638894785,42.951275108636075,93.87641872156115,-2.7146339416503906,0.12782925041392446,-13.83892148733139,-0.08624799006261553,-0.34863377269178397,0
GUIDED_NOGPS,2.8765392303466797,29.097609368279382,-28.466562854890324,40.038303262409386,95.76971493688266,0.19894589349569874,-9.99019258162377,40.00658398757531,35.64386254050149,0.9598707098891043,-3.453317604262236,33.122893096950115,-0.2244865132182449,-2.493331243057286,-0.6397716785137321,0.3764425337798535,-33.20585748325979,42.939193266383185,93.7159832394637,5.20455539226532,5.6905347853899,-13.801126182079315,-0.17043098361210685,-2.6204763533826156,0
GUIDED_NOGPS,2.9100072383880615,29.884815709410113,-28.966628466990564,40.11382207495106,95.1993414445616,-0.007292596567361982,-9.99704370957755,40.00198463843017,34.4537279931219,0.926923264715138,-3.3859841053203694,33.25701410658707,-0.16891695450437472,-2.7296103225855877,-1.233202985971664,0.37512145044601763,-33.98741813582019,43.006294401469106,93.04937284083309,1.171230524778366,3.1678348779678345,-17.12084710597992,-0.23944356772262232,-7.157156301996785,0
GUIDED_NOGPS,2.943279504776001,30.064324676907198,-29.38413806417707,40.24546573261678,94.62217821428473,-0.15195593087304388,-9.999624107193991,40.00025234709781,33.274574832195015,0.9720247113520246,-3.2931031375617166,33.41675857089533,-0.2917046388519159,-2.613666242787511,-0.9633402432515574,0.37383606643101797,-33.98741813582019,43.006294401469106,93.04937284083309,3.6053553223609924,6.109358370304108,-19.117724895477295,-0.23944356772262232,-4.014662250728435,0
GUIDED_NOGPS,2.9796135425567627,27.52619524200164,-29.682742454948855,40.414140871916224,93.9934119938603,-0.3025361669925796,-10.000000000000025,40.0,32.10722439660941,0.9498391897107654,-3.2146225564509776,33.53657033422111,-0.35004969844347084,-2.337786513364525,-1.0086941949923014,0.37266877085744987,-32.929812679776184,43.114357570142765,92.02647854758862,6.35017603635788,7.789859175682068,-20.868222415447235,-0.696065756056434,-3.607057051629584,0
GUIDED_NOGPS,3.010122299194336,32.78439219609805,-29.89655710651292,40.64065946980202,93.33916547427394,-0.44308152326673655,-10.0,40.0,30.952484831708546,0.9157581465779885,-3.056281055686922,33.689361665954294,-0.5572810028150144,-2.276227453479387,-1.194713458150201,0.371592267549052,-32.85214706255436,43.423240837869926,90.82671301787073,10.182351619005203,10.426568984985352,-19.928723573684692,-0.982363294320385,-1.8182482238064042,0
GUIDED_NOGPS,3.04384183883667,29.66184832112246,-30.0940009949037,40.85544214824994,92.7374827145905,-0.5915457946453088,-10.0,40.0,29.81115011199165,0.8845392728725643,-2.886080852419844,33.79271950356951,-0.5027194160117082,-2.205621841694874,-1.22837740111335,0.370427396620641,-32.82292280737609,43.212115115178236,90.12899059692299,6.694698333740234,9.489668160676956,-18.8603013753891,-1.135128513804807,-3.9375238017896033,0
GUIDED_NOGPS,3.0775177478790283,29.701126634895232,-30.247504627715834,41.07308706346243,92.10669267433039,-0.7565224306613588,-10.0,40.0,28.6839990638139,0.811329676810371,-2.8172024500650847,33.867930131615104,-0.5341846276471335,-2.130876748439173,-1.43444649559203,0.36934930664887133,-31.090289026970456,43.51186107287647,90.11269072833244,6.694698333740234,9.489668160676956,-18.8603013753891,-1.3075157941907247,-3.9375238017896033,0
GUIDED_NOGPS,3.115199327468872,26.54353989469421,-30.39339361402869,41.297914302541706,91.46652969997298,-0.8847609269745152,-10.0,40.0,27.571794388086346,0.7477875198272432,-2.668212545491835,33.951497496110214,-0.5238588935913944,-2.0960455452883,-1.213460256884301,0.3683091937078168,-31.859412632503208,43.3784738832388,89.38306727607994,7.291287183761597,10.095061361789703,-19.096973538398743,-1.3553084976676029,-2.0897510180787613,0
GUIDED_NOGPS,3.145339012145996,33.18593537361142,-30.446297468148202,41.57148747347048,90.78916052704331,-1.0434927554296398,-10.0,40.0,26.475281682977112,0.6196809186413073,-2.4774056614988282,34.0135907458548,-0.7481053521224001,-1.946746461590874,-1.678496056369672,0.3673933037877098,-30.09861368727656,44.02560086667914,89.35059000314007,9.724396467208862,11.46906390786171,-19.737006723880768,-1.4269056450915834,-3.337822947378729,0
GUIDED_NOGPS,3.178098440170288,30.53134076300982,-30.394405384555224,41.86213221824164,90.18253133256859,-1.168327171146923,-10.0,40.0,25.395188466611188,0.5551122055702677,-2.269819350592627,34.05344831475641,-0.7559330493443261,-1.707256421523177,-1.4623265958689045,0.3663613909202314,-30.784523077478028,44.06587907243058,88.2165802384972,11.826026439666748,12.154427915811539,-20.835022628307343,-1.5037704711863098,-3.536360324851721,0
GUIDED_NOGPS,3.2119147777557373,29.576092628372376,-30.3376315015294,42.15717212391636,89.54486048964934,-1.2386272050967486,-10.0,40.0,24.332223199771107,0.5127168478660283,-2.2221952162744785,34.06191433423264,-0.7705635539840368,-1.6947579624427227,-1.1586413913195779,0.3654225260469781,-30.47207852675328,43.958236012257316,87.52573967043327,12.839925289154053,13.054528832435608,-19.0997451543808,-1.6183627844857842,0.6148139286099972,0
GUIDED_NOGPS,3.2444803714752197,30.736508867067272,-30.22451414508498,42.481736111090854,88.82933579095777,-1.326756445469958,-10.0,40.0,23.287074308597,0.3434379197241083,-2.0614149110899054,34.0222445955332,-0.8749415615131979,-1.5559719761795172,-1.3367925104855471,0.3646778213730737,-30.068580545190883,43.98417726339636,87.2525546340096,15.033169090747833,14.95899111032486,-23.748138546943665,-1.6870792005685287,-0.45253332968554855,0
GUIDED_NOGPS,3.2794604301452637,28.5723316711627,-30.14083063679011,42.789472533275,88.07417389159701,-1.4116638783670434,-10.0,40.0,22.260409207287324,0.38076052794829096,-1.8208223513498527,34.01889438774531,-0.8290870073567389,-1.623598682389179,-1.334490401856272,0.3640431116886987,-30.247484499896068,44.15430072969482,86.72748514636571,12.540513277053833,13.612893223762512,-27.146553993225098,-1.7420651330668462,-0.7202430210910215,0
GUIDED_NOGPS,3.3132362365722656,29.612216801632297,-30.089886851024282,43.1918589878122,87.26918670546141,-1.4688535287493774,-10.0,40.0,21.25287332079904,0.1757334835880085,-1.7596155320934874,33.89004628414761,-1.0609015551378944,-1.675583430538672,-1.2192391974761945,0.36354863524492953,-31.706892374899695,46.225992849477976,85.63333895758504,14.144425094127655,13.86515200138092,-27.297985553741455,-1.5037184642056776,0.2560104311308873,0
GUIDED_NOGPS,3.3454346656799316,31.06316608035549,-29.846904924216634,43.53103950123979,86.50201911544421,-1.4926818978690044,-10.0,40.0,20.265089107548107,0.07581007052675659,-1.5595985648915416,33.80155776835551,-0.9862318242402273,-1.2336759505347397,-1.0433298829340165,0.3630219262299237,-28.146944225482642,44.780486689596586,85.1218062799358,15.700487792491913,14.452168345451355,-25.883963704109192,-1.8392707432706459,2.7273756440824855,0
GUIDED_NOGPS,3.381639003753662,27.62554749813933,-29.585359878423183,43.88142959603922,85.79062077115026,-1.4761567044301522,-10.0,40.0,19.297655082109742,-0.016606404347695964,-1.4106275500602148,33.66178136208578,-0.9585726973592407,-1.232613890611765,-0.7943092628271821,0.3624136629754754,-27.953270411470193,44.88041526136202,84.15556454687726,15.789838135242462,15.462204813957214,-22.504805028438568,-1.8133378649235734,4.516927895308139,0
GUIDED_NOGPS,3.4127817153930664,32.11860201549913,-29.27019656016847,44.22838582885036,84.96970827040492,-1.4743018618543393,-10.0,40.0,18.35114483791901,-0.09115927984013385,-1.2411070573372585,33.60427116927428,-1.0723172766651163,-1.0003068041835559,-0.8726824368108418,0.36207938805815343,-26.732413269639302,45.08796693407824,83.62097819922673,15.89777022600174,14.634963870048523,-25.400951504707336,-1.8033988684891913,3.842227294942293,0
GUIDED_NOGPS,3.4470322132110596,29.20153446631345,-28.87825166611843,44.59705973940895,84.24467244126868,-1.399575991543954,-10.0,40.0,17.426106069970928,-0.23259638257352494,-1.1008373833434106,33.430582873775435,-1.0723424695862966,-0.8729165946067242,-0.4031442370951076,0.3615878923042767,-24.822619056304667,46.1012517450954,82.784626868873,15.165837109088898,14.508673548698425,-24.59724098443985,-1.692639714431898,6.974645963411228,0
GUIDED_NOGPS,3.480412006378174,29.964451048751215,-28.4958511090483,44.96414200848735,83.47085451936147,-1.3602570530786051,-10.0,40.0,16.52305959752087,-0.4661077436915671,-0.90446069352567,33.24130467149604,-1.1181251372647032,-0.8325819554842827,-0.5789373033205784,0.36124066190205195,-25.082263275509597,45.974322368640806,82.14932959531242,15.666060149669647,14.433568716049194,-24.561119079589844,-1.6422985004439967,4.7405474349607095,0
GUIDED_NOGPS,3.5143048763275146,29.51033560824597,-28.15307024579176,45.30958445451327,82.68333480075009,-1.265923568834708,-10.0,40.0,15.642498386785377,-0.5544146191404272,-0.718022355837121,32.995411031186414,-1.0831021649439485,-0.9086089756646939,-0.20629495050432745,0.36096313251017764,-25.052436872000406,46.12870898342798,81.0651276807784,13.053548336029053,13.353312015533447,-24.9088853597641,-1.555740340248103,7.57923979458877,0
GUIDED_NOGPS,3.5486369132995605,29.135406608826123,-27.686294750034918,45.664755915027946,81.91546425232234,-1.1801506950278127,-10.0,40.0,14.784886573641955,-0.6573842031900123,-0.490379514598295,32.75455465538967,-1.1207891926418192,-0.6134821904869313,-0.2051616675674779,0.3606920587551642,-23.396394222047213,46.60441067214309,79.991946096861,16.781270503997803,13.191591203212738,-22.30536937713623,-1.3538575893566696,6.320606258397848,0
GUIDED_NOGPS,3.5865910053253174,26.352420803960744,-27.186610491193445,45.99672165316675,81.02515313496019,-1.0739814801878182,-10.0,40.0,13.95065848632973,-0.7735158819353293,-0.5057973326282765,32.69337665099386,-1.0338040567869764,-0.613111699775497,-0.08742573814208587,0.360701938027594,-21.664387443713274,46.938389824935726,79.46340303233598,14.378440380096436,11.217278242111206,-29.981783032417297,-1.2063616197976263,7.024324063678846,0
GUIDED_NOGPS,3.615143299102783,35.03281687199833,-26.670796331014653,46.346295928779895,80.08105889618363,-0.9701915868027838,-10.0,40.0,13.140217668149972,-0.804486947839929,-0.14632023442270062,32.315991623877736,-1.2854046823022538,-0.2121522771417094,0.14793706073819812,0.36089311020821924,-21.550073889284405,46.842369210493445,78.99435888067728,14.789927005767822,11.367850005626678,-28.341487050056458,-1.136302898409235,6.522425968653854,0
GUIDED_NOGPS,3.6503937244415283,28.376512932230106,-26.129806909183557,46.6412874200772,79.2781939674008,-0.8882470326430778,-10.0,40.0,12.353935900166249,-0.8323778118722645,0.08591905065317297,32.1054032313879,-1.0595424416262225,-0.354534279198408,-0.06358211402259889,0.36083280444608945,-20.13463045957688,47.55156154609969,77.67333856430491,15.433110296726227,11.265233904123306,-31.007027626037598,-0.8008138289884716,4.357633369711455,0
GUIDED_NOGPS,3.6852335929870605,28.706677891163448,-25.51099610243772,46.998736764923336,78.27469066835802,-0.7849626082767773,-10.0,40.0,11.592152223904833,-0.8708722244259274,0.0953156767337114,31.89837678255023,-1.1915443776542711,-0.1580177711897185,0.11359500863715544,0.361221989969743,-18.66708662194594,48.041936655385996,75.74750315994379,15.433110296726227,11.265233904123306,-31.007027626037598,-0.3900453001890389,4.357633369711455,0
GUIDED_NOGPS,3.715975046157837,32.53870382150781,-24.891491828012548,47.33726875718169,77.30595101551772,-0.6342388474147957,-10.0,40.0,10.855171964055131,-0.8150195264269118,0.3299648379777293,31.706205995157337,-1.2738393371119685,0.08314613054457382,0.60221099271074,0.3616039769928489,-18.51830350819148,48.22941897758385,75.23569107037616,15.842024981975555,10.220694541931152,-29.140830039978027,-0.2887628040657832,6.9570714597899626,0
GUIDED_NOGPS,3.7493996620178223,29.92191189584448,-24.336939890036838,47.61648186300315,76.47649142560601,-0.4916785515993203,-10.0,40.0,10.143265751170105,-0.7666125883968562,0.43331397777392605,31.56206509800797,-1.1214981368674168,-0.12635530661769556,0.5563971392668525,0.36175022833844134,-18.29552561930315,48.22107345136331,74.18209419895592,13.736976683139801,9.508346021175385,-26.16637945175171,-0.10003157603132384,6.346692885272242,0
GUIDED_NOGPS,3.783168315887451,29.61995423858083,-23.778925190583795,47.89295503490619,75.60355332614012,-0.3413893924881611,-10.0,40.0,9.456668544366636,-0.8601194789599175,0.5054519278275148,31.302466683128713,-1.1346624204835398,-0.07596153837857167,0.6897422448675281,0.36203400846737305,-18.29552561930315,48.22107345136331,74.18209419895592,13.908618688583374,8.744340389966965,-27.402690052986145,-0.10003157603132384,6.762341059005606,0
GUIDED_NOGPS,3.8165478706359863,29.962738598696994,-23.22263266851675,48.15295748788329,74.78247201742722,-0.23570032345170963,-10.0,40.0,8.795578654025775,-0.7664915659825001,0.6677955992800803,31.18569435398359,-1.1227575126236968,-0.030543123690907812,0.4884349991882304,0.36226541102848775,-16.824346399389363,48.38898708196808,73.47094595518566,10.612685978412628,7.891073822975159,-24.19217973947525,0.13176441602014805,3.506996914723013,0
GUIDED_NOGPS,3.854708194732666,26.227677761866946,-22.638277603290025,48.41322576400464,73.83003421165577,-0.15218549871009202,-10.0,40.0,8.16015676449328,-0.8941810987422422,0.6995840467292601,30.946190355642507,-1.082964119842983,-0.06681056037869619,0.34705925069549787,0.36279935569394617,-15.807722530250295,48.91561331589472,72.00900401307968,10.568732023239136,6.9862812757492065,-30.25721311569214,0.4253283963194189,1.5178528755712468,0
GUIDED_NOGPS,3.8839852809906006,34.13083351642539,-22.01302454686478,48.7057657649178,72.75383618467043,-0.05527084657810706,-10.0,40.0,7.550524956779981,-0.8830102176329806,0.7260288316482569,30.812154723370178,-1.3083277033288234,0.405148942144213,0.6271840214418212,0.3636559324945726,-15.381900369272921,49.09359772194063,70.91550204013765,10.568732023239136,6.9862812757492065,-30.25721311569214,0.6056364905908627,1.5178528755712468,0
GUIDED_NOGPS,3.9233179092407227,25.4280379271043,-21.455701958937773,48.93451756712743,71.92057537625907,0.09135596729510068,-10.0,40.0,6.966765731261972,-1.0563154355689173,0.7851942247555816,30.574313876091992,-1.056718274071276,-0.04599180926733726,0.8012874560317763,0.36405286676854376,-15.197493947620021,49.71365998762026,69.4301091319914,11.711899936199188,6.3141003251075745,-26.26659870147705,0.8866000898646097,5.005058463400501,0
GUIDED_NOGPS,3.9537153244018555,32.90579300822193,-20.906792269072938,49.164694017972444,70.93867709858561,0.244344992341623,-10.0,40.0,6.408921030381379,-1.0609055361345774,0.7961625480672702,30.36665221966151,-1.1895106708335972,0.2717583916084779,1.1539815485086242,0.3648225733356787,-15.199859774853643,49.80951876217314,68.833574971831,10.013707727193832,4.702376201748848,-29.44537103176117,0.9806097869321251,4.130504820372789,0
GUIDED_NOGPS,3.985039234161377,31.92886940105356,-20.447201413492298,49.36339575230807,70.12694989812194,0.3761012697003374,-10.0,40.0,5.876991261346376,-1.0988455294267057,0.8463381849272417,30.232633662862106,-1.1231962782708864,0.07139326434790269,1.0659071999879934,0.36530156960282983,-14.972789008015912,50.299727507489365,68.6076003265247,8.30376148223877,4.901367798447609,-29.593265056610107,1.1067680880736568,4.242931868545315,0
GUIDED_NOGPS,4.0193259716033936,29.17269344461833,-19.825186371789883,49.571367961441155,69.16850323491255,0.5395008635018039,-10.0,40.0,5.370934318831615,-1.2144454139121137,0.7383247729798667,30.050158328996044,-1.1265512738086376,0.374471548484074,1.2816926482099253,0.3661192961633548,-12.987134011924514,49.950996849027504,66.43859305280236,12.667834758758545,5.409889295697212,-29.380056262016296,1.4401889829643935,5.06235307836633,0
GUIDED_NOGPS,4.052597761154175,30.05979990253132,-19.263849481048467,49.771951843266585,68.27396850976515,0.7078478410931494,-10.0,40.0,4.890664607678815,-1.1456848323205375,0.6516142408060853,29.87679446748278,-1.1356839862675954,0.31939562389194126,1.431027106598826,0.36686299906210884,-12.815681689434085,50.78300772516526,66.79587307849181,8.176904171705246,2.2826625034213066,-25.57562291622162,1.690977955153961,4.566328946027548,0
GUIDED_NOGPS,4.086505651473999,29.49850548925007,-18.770016703635434,49.93796287265691,67.42686534213892,0.847307023832771,-10.0,40.0,4.436052065596954,-1.2241978568298342,0.6268298321856363,29.775376403591846,-1.0763855094665615,0.20777352460912724,1.3317423562590898,0.3675626259878611,-12.549585566769956,50.848312775941324,65.84226005378837,4.628867283463478,0.8390759117901325,-23.041875660419464,1.8381738199735613,2.8218764338914895,0
GUIDED_NOGPS,4.119582891464233,30.236627353729922,-18.216180053379755,50.083613076046014,66.57312171417982,1.0100054102363312,-10.0,40.0,4.006921185862581,-1.0958972355827874,0.49430623304081767,29.592457107429734,-1.0589715710353476,0.40485942218881094,1.58851218047529,0.36832896637649204,-11.853379259990003,50.56342089125576,64.8215533629995,8.041000366210938,0.9894401766359806,-22.154827415943146,1.9625970256383403,4.160085089007645,0
GUIDED_NOGPS,4.154079437255859,28.994621797619214,-17.69352546714148,50.18334148681262,65.67992301191862,1.133323866732213,-10.0,40.0,3.6030500400205767,-1.1096220738331048,0.3015028260564779,29.4614062678247,-0.9684241236658121,0.3413768206726645,1.3950691757130909,0.3692219775979449,-11.891753706880685,50.038565297569406,63.28655244086198,7.732400298118591,0.4799564369022846,-24.38526451587677,2.204233613559496,1.5449785449731293,0
GUIDED_NOGPS,4.1879942417144775,29.491038720881996,-17.223652131835674,50.28317524082462,64.7550244634971,1.2736479665762435,-10.0,40.0,3.2241693005842365,-1.073256225701253,0.19798752056437943,29.356180373471485,-0.9796051321428467,0.29136910096320345,1.5928983020935696,0.37023066182069064,-11.577139470793881,50.503517572489116,61.70740197928451,3.72256338596344,-0.8337641134858131,-21.89745008945465,2.2402928116716114,2.6136331441644978,0
GUIDED_NOGPS,4.223322868347168,28.317123394027774,-16.781971708844416,50.356172291243865,63.86071701989982,1.4089382458215658,-10.0,40.0,2.869961263735746,-1.1098933604092014,0.08255305472293267,29.244889271135296,-0.927774964269209,0.2362992355543915,1.613415246647359,0.371224913816382,-11.22440437036487,50.51027360899653,62.157675629058616,2.9307371005415916,-1.5338342636823654,-25.316205620765686,2.3762438699383495,2.4713050219095374,0
GUIDED_NOGPS,4.2556328773498535,30.95541532897893,-16.35144748219292,50.43285230981276,63.021194664270766,1.5528493189720518,-10.0,40.0,2.5400588720259805,-1.1602282260541987,0.10644846486411566,29.17690839832616,-0.9557886066689828,0.32348500336903424,1.8191773956887483,0.3721656931612901,-11.27121849742198,51.034905178017134,61.603781032742575,3.896516188979149,-2.0642854273319244,-23.548872768878937,2.6369935220364713,2.3295329197416983,0
GUIDED_NOGPS,4.288873195648193,30.089343233258006,-15.944543298543781,50.48227031798143,62.17857635454233,1.6263046988979637,-10.0,40.0,2.2340447370759478,-1.0804733877764292,0.17150572989390284,29.158193680000323,-0.9021201748087123,0.2880016036219093,1.4177895963941225,0.37315920593018137,-10.666020088396355,50.73940577330693,60.2391277201593,2.7683595195412636,-2.0409947261214256,-24.127253890037537,2.8059648744118073,-1.4737742497625694,0
GUIDED_NOGPS,4.322896480560303,29.396991827752,-15.525509026705315,50.516429947657464,61.314090565204545,1.725734011525867,-10.0,40.0,1.9514501622766431,-1.1002723986330036,0.11440800313502755,29.109019733070816,-0.8754249675608688,0.3307453114448138,1.620414441228819,0.37424226837943264,-10.173742331406638,50.74123425473158,59.3451227746653,2.8818365186452866,-2.890988066792488,-23.739472031593323,2.84620104570835,0.15307606524421014,0
GUIDED_NOGPS,4.3554847240448,30.690403541506605,-15.048711632671818,50.51610850893239,60.44468321242534,1.8476642231378848,-10.0,40.0,1.6917541654892432,-0.8442264825349441,0.14224075719856505,29.139803395660064,-0.8169651387908691,0.5338705712895029,1.8560807378131772,0.37538502029407717,-8.815624253936033,50.065172135160864,58.98123479362309,4.115839302539825,-2.765447646379471,-25.454989075660706,3.213600710187536,0.865788055723352,0
GUIDED_NOGPS,4.389512062072754,29.39472559202181,-14.642571630989128,50.52048718803645,59.555016882455845,1.9545585121122795,-10.0,40.0,1.4543825017456413,-0.6828744691724999,0.02844175147241943,29.18009468157397,-0.8223808414651471,0.3809281889832829,1.8009582393967816,0.3766105214722289,-9.960705009509738,50.3201755189632,57.54677358413612,4.115839302539825,-2.765447646379471,-25.454989075660706,3.0453642164664654,0.865788055723352,0
GUIDED_NOGPS,4.424002408981323,28.99802960433072,-14.294446637087361,50.50674588132193,58.516926660625295,1.9668674856542852,-10.0,40.0,1.238706685948756,-0.38946266919856326,-0.011022117721508906,29.310906464558055,-0.7840939030937512,0.28466372772687737,1.2515274345853962,0.3781763623245627,-10.03313767460304,50.02262362926916,56.97667853404597,1.0290100239217281,-2.985095977783203,-33.94702076911926,3.0536992959707314,-4.791635969291936,0
GUIDED_NOGPS,4.456876277923584,30.42437255186421,-13.90925066048144,50.49793294125159,57.63555939138822,1.9703469665927007,-10.0,40.0,1.0440430155734077,-0.27275922891452214,0.14153879517878756,29.46531313602995,-0.7972624822678271,0.43268155668597424,1.2033891423699656,0.3794753974144834,-10.034598142441482,50.35279774909522,56.06672263246667,4.596660286188126,-3.2992899417877197,-23.259365558624268,3.047069007552856,-4.9683841895389405,0
GUIDED_NOGPS,4.48956036567688,30.603518346916886,-13.572064725197375,50.47258358696717,56.83519292904912,2.0192946972454937,-10.0,40.0,0.8696515933661715,-0.24768064191208652,0.16563435520905706,29.659580791498033,-0.7606207727141677,0.36463741104655567,1.510950751980923,0.3806541444283375,-9.947403685498406,50.06045529666099,55.49582961569554,3.492993861436844,-2.903570607304573,-22.316157817840576,3.1745206757643434,-1.9917610688209386,0
GUIDED_NOGPS,4.523557186126709,29.421943503300433,-13.304582395066676,50.42296423629671,56.06190073835188,1.9943041637832368,-10.0,40.0,0.7147353500455722,-0.20777857005916625,0.35895797714822847,29.894880808404974,-0.7073473988919453,0.22018974226529286,1.0494273245527632,0.3818157019467742,-9.80069921010832,49.84186729066768,54.69218379486708,-0.9518522769212723,-3.765520080924034,-19.81409639120102,3.1510823943834496,-6.22095764038877,0
GUIDED_NOGPS,4.557242393493652,29.691665132873666,-12.966964266252305,50.40929155561951,55.32870611022218,1.910786997814403,-10.0,40.0,0.5784390670031883,-0.3261825673639818,0.41407109372617873,30.15405233646111,-0.780807512243478,0.3992801178905748,0.650758078131444,0.38293570469887267,-9.549217146601109,50.013616452565586,54.229393590824955,3.5354390740394592,-1.8774081021547318,-16.616369783878326,3.0218290289887793,-9.240643182832999,0
GUIDED_NOGPS,4.590950965881348,29.67234036532394,-12.601217767138365,50.38555495609979,54.610521042476584,1.8142474658623817,-10.0,40.0,0.4598483990030502,-0.35537981179678807,0.5527085125909521,30.27300008085688,-0.7618985741465033,0.49898079517532884,0.5106623466267711,0.38406252380067607,-8.746864163882371,49.08658178246817,53.98472895940957,4.487433657050133,0.3339049872010946,-17.98887401819229,3.0250055359881194,-9.753457200812141,0
GUIDED_NOGPS,4.624029636383057,30.23793526061567,-12.264505363651475,50.34215707839782,53.91366415116383,1.6970820672362892,-10.0,40.0,0.35798889688308577,-0.2686868887044607,0.7089810530058753,30.77651479628105,-0.7185157238899532,0.47353072621883824,0.3145817525571656,0.3851811795202159,-8.734653055704982,49.00420441877503,53.54149339588072,3.473440930247307,-0.6179282441735268,-18.045255541801453,2.9218801343356766,-10.490104201855416,0
GUIDED_NOGPS,4.664440870285034,24.75172759729722,-11.958227045993636,50.23874024416996,53.19005355953737,1.5436534231705688,-10.0,40.0,0.27182503025531446,-0.2315666781952926,0.749565610167268,31.163004465560807,-0.5971597034264277,0.42297748998868684,0.032268849635817776,0.38638341194509745,-7.6665696865055875,48.484702250408674,51.88415736774468,-0.31903740018606186,-2.925741672515869,-17.887426912784576,2.3054140794202196,-10.810066974845604,0
GUIDED_NOGPS,4.696637153625488,31.066847395358828,-11.74208370290408,50.10488586160843,52.47534931643317,1.3665725387517194,-10.0,40.0,0.20025921020513238,-0.22620353895380454,0.6424163238716054,31.449332825756912,-0.5498260866286183,0.2155820945550728,-0.10439167498863311,0.38758957136880967,-7.789842306419054,48.18434985468664,51.36578794503208,-5.143720284104347,-4.0731776505708694,-16.762778162956238,2.2383319573089566,-11.937253093572808,0
GUIDED_NOGPS,4.726769924163818,33.19959473150963,-11.55203422746495,49.98568050969407,51.70327560162812,1.1628882091798565,-10.0,40.0,0.14213081199275734,-0.30512205258421776,0.5074780394117757,31.820621909038806,-0.5105756515850862,0.28377136872387354,-0.6595598389367503,0.3889555611506324,-7.843764559978013,48.52708827882105,50.35750835936569,-5.143720284104347,-4.0731776505708694,-16.762778162956238,1.7841009047956056,-11.937253093572808,0
GUIDED_NOGPS,4.758126258850098,31.89318003817171,-11.393431173681059,49.86319535528792,51.03941836339877,0.9498481231465057,-10.0,40.0,0.09621519775353704,-0.27574455519034663,0.2953054165604698,32.20358378561225,-0.5049004126067296,0.2088849916334099,-0.7816072495485747,0.3901272028009164,-7.868832374282974,48.581599053944664,49.44007324992563,-4.847998544573784,-4.4281743466854095,-18.596412241458893,1.55443119004868,-12.674655684293016,0
GUIDED_NOGPS,4.792849540710449,28.806241586769595,-11.304358826514889,49.72404523666125,50.28950968694305,0.757204753254323,-10.0,40.0,0.061222739198029785,-0.19218025894428187,0.055675556642685,32.516563543949744,-0.48262370779911984,0.04711418052012642,-0.6606587356616102,0.3914876088241625,-8.225987591547085,48.53122478763145,48.98497927021363,-8.553837239742279,-5.542433634400368,-22.531653940677643,1.3350980357764288,-10.801174068546247,0
GUIDED_NOGPS,4.826223134994507,29.969161295854352,-11.146644842653721,49.58074180630021,49.542851352142115,0.5163379762450804,-10.0,40.0,0.035797840312881135,-0.07305938526130584,-0.03719208090790532,32.74385516405484,-0.45657072488542255,0.2132572819871996,-1.1307933859619923,0.3928638553094469,-8.29949186375386,48.16174836217379,48.693407276719924,-3.728991374373436,-4.832577705383301,-20.503227412700653,0.9637506793864743,-12.402945636468033,0
GUIDED_NOGPS,4.858518123626709,30.972330731570437,-11.032907160120336,49.46493971448821,48.84723762410977,0.36062051508456683,-10.0,40.0,0.018517960059767802,0.014073017815429476,-0.49609142037427684,33.13005455029487,-0.4930547995207703,0.14030435371286248,-0.745798520886262,0.394157303593057,-9.212338540953741,48.50157686233405,47.52641788365139,-2.9808897525072098,-4.131786152720451,-17.439888417720795,0.4513983773726756,-6.194042853077511,0
GUIDED_NOGPS,4.892077922821045,29.801578786565393,-10.833019739952645,49.37644447651155,48.16235413239385,0.07889309199121058,-10.0,40.0,0.007892635077752175,0.038067018802434696,-0.8965181440162973,33.593554602466526,-0.5474556969063901,0.3313221453630533,-1.6305848070702231,0.39544113781060275,-8.958163788535913,48.28359376245177,46.33875390820517,2.7960985898971558,-1.862000860273838,-16.206075251102448,0.024995394836470255,-13.165186210104993,0
GUIDED_NOGPS,4.926174163818359,29.333053591535013,-10.64379809196941,49.24832887032214,47.49262131577578,-0.15349630061852587,-10.0,40.0,0.0023625023821125524,0.09808766631967876,-1.1916237241826912,33.88629651029327,-0.46358783245305524,0.3224850221521925,-1.4564663933855655,0.39670483203047635,-8.200979416612846,47.69665968161087,46.17885311001115,0.15470976941287518,-2.8614647686481476,-15.444642305374146,-0.17331960738453767,-9.614194766277459,0
GUIDED_NOGPS,4.960124492645264,29.463899855290332,-10.497146182256778,49.07315809050346,46.850034230217815,-0.34643175382830743,-10.0,40.0,0.00029832206590185706,0.1717733879320027,-1.4226407855932095,34.206120118179115,-0.3585188782891043,0.2506714111167097,-1.3464008148322983,0.3979223651946775,-7.584226502016391,46.916687148039955,45.67368492554306,-3.77894788980484,-3.8490280508995056,-13.745854794979095,-0.7110400649817246,-5.868845166975333,0
GUIDED_NOGPS,4.993257284164429,30.188966063266996,-10.441932971010184,48.90895289605499,46.15158233975707,-0.5810491757747237,-10.0,40.0,2.842170943040401e-14,0.07567606808493475,-1.450783619572895,34.370263224312865,-0.36140153170029554,0.07074914897164744,-1.7632562342424052,0.39925743799991087,-8.897514208598544,47.37569477239083,44.44246326103132,-5.258158594369888,-4.735908284783363,-17.1842023730278,-1.2425364810356165,-7.5616238829456615,0
GUIDED_NOGPS,5.027541637420654,29.173302172884846,-10.38604921742749,48.730419873152464,45.51645041425122,-0.7929988858857387,-10.0,40.0,0.0,-0.18289056134282983,-1.5510558125088538,34.61532358154375,-0.32696872282337225,0.07564041378875945,-1.7276567617448844,0.400466051389854,-8.937241636813713,46.984322251533754,43.97511275774723,-4.425650462508202,-4.806076735258102,-14.271241426467896,-1.5382640586988825,-5.90951894348276,0
GUIDED_NOGPS,5.061805963516235,29.189544303092728,-10.260091762000153,48.588160364201954,44.92991349847373,-1.001738819439797,-10.0,40.0,0.0,-0.17622320281541312,-1.3479699559354565,34.77797087624926,-0.38947186666627565,0.22818238447151337,-1.8057308615157144,0.40157684406308736,-8.937241636813713,46.984322251533754,43.97511275774723,0.5746786948293447,-2.64948308467865,-12.641364336013794,-1.5382640586988825,-6.107491122801933,0
GUIDED_NOGPS,5.095229625701904,29.926822307209317,-10.130901401547485,48.41207873365597,44.39808598272221,-1.1901628085343785,-10.0,40.0,0.0,-0.22964216567493573,-1.2932616347875354,34.84159067327335,-0.29627647844624816,0.25785734271485267,-1.8521887274445399,0.4025816942070521,-8.349121219764962,46.53492144162002,43.92632262619922,-0.33330153673887253,-3.8719896227121353,-11.325865238904953,-1.616439376387988,-5.138236480045172,0
GUIDED_NOGPS,5.1297526359558105,28.97259062776304,-10.008054709691818,48.247740561447564,43.864381243595744,-1.3668528311262862,-10.0,40.0,0.0,-0.3527561653818569,-0.9026830300724684,34.976162475395526,-0.31726840638624304,0.2483907634909154,-1.8522296721829077,0.4035890299440324,-9.00931763072698,46.597834572259444,42.72069163006047,1.8667373806238174,-3.7408288568258286,-11.36191114783287,-2.223156482486057,-3.5583533205357503,0
GUIDED_NOGPS,5.161530494689941,31.47293778654881,-9.926858660654359,48.062466150974565,43.31939156723814,-1.493317314782132,-10.0,40.0,0.0,-0.4836883304500626,-0.7759065015056866,34.9811792493409,-0.24509333939146086,0.1787821067197474,-1.6766724008873946,0.4046228700297733,-9.370193534823748,46.56210054282648,42.826871385370026,0.3036891808733344,-5.149621143937111,-12.697319686412811,-2.1669540992429024,-0.70939924200998,0
GUIDED_NOGPS,5.195821046829224,29.170055915653602,-9.842587139160093,47.893206009625985,42.80816375895909,-1.5638171783027501,-10.0,40.0,0.0,-0.4865106926811588,-0.6606136553678119,34.97598489047711,-0.2815226271283954,0.1851088981708688,-1.3514810084663011,0.4055868931657992,-9.654574079889805,46.69617106896605,42.42900894366721,1.8745992332696915,-5.0102222710847855,-12.880496680736542,-2.2711669500854486,1.978346363847622,0
GUIDED_NOGPS,5.229146242141724,30.01247924895529,-9.72523613336918,47.67998981318713,42.33155126417814,-1.6054463211033478,-10.0,40.0,0.0,-0.5971424149581759,-0.68410054148937,34.83512589922393,-0.1710753976624566,0.26570407427796894,-1.2123445250411733,0.4064835178884244,-8.675723566564688,46.05401077086165,41.83272617837852,1.3549632392823696,-6.133054941892624,-9.314218908548355,-2.36516446992621,3.9005899807395825,0
GUIDED_NOGPS,5.282412528991699,18.775617639027534,-9.521304679498682,47.50835279078596,41.90098232436495,-1.5795146350067546,-10.0,40.0,0.0,-0.5004014298231135,-0.6129793824876141,34.64209109290103,-0.23869149215077717,0.46121914036215117,-0.7947400248029284,0.4072878304059176,-8.833907165220385,46.02723538568981,41.53934306482465,8.034759759902954,-3.828209266066551,-8.06984156370163,-2.4912270407714723,7.684872085197603,0
GUIDED_NOGPS,5.302243947982788,50.44686864799201,-9.449342248676349,47.23995138874281,41.35555646630174,-1.6234693334752053,-10.0,40.0,0.0,-0.536988245246786,-0.6406090985059023,34.41616551062994,-0.11032789602653668,0.17168218547530603,-1.1984586068459295,0.4083138708103784,-8.824480426196036,45.6255077263355,40.60261617137737,-0.5646659061312675,-9.104752540588379,-13.446509838104248,-2.510581122696047,3.1224369873271964,0
GUIDED_NOGPS,5.330710411071777,35.172065643055404,-9.388299856066315,46.9725512419296,40.77969336708657,-1.6658469680643144,-10.0,40.0,0.0,-0.2654630927770676,-0.4701353675069061,34.21706891141865,0.0752038577764431,0.19329786838395469,-1.2969987784613357,0.40941912436172745,-8.925159065285817,45.51186130247735,40.100401791501454,-0.5646659061312675,-9.104752540588379,-13.446509838104248,-2.4753137062884543,3.1224369873271964,0
GUIDED_NOGPS,5.365971565246582,28.34065785561772,-9.260947573887538,46.74746423880906,40.445320614022016,-1.640603723618512,-10.0,40.0,0.0,-0.0924125128311254,-0.3568071345703356,33.78518580491499,-0.10053457186717563,0.31238789193830757,-0.841374886740412,0.41003074754853003,-8.636114130946043,45.61768444526871,39.95159056434624,4.531821236014366,-8.515146374702454,-8.018413931131363,-2.3240437993367946,5.102658878432221,0
GUIDED_NOGPS,5.397836208343506,31.389087208040532,-9.126505489053446,46.49664178088663,39.983696828212224,-1.548434055378833,-10.0,40.0,0.0,-0.06632663300867156,-0.24466546023906968,33.47050874456875,0.016282509389858695,0.3640151616351828,-0.35063087914351154,0.41090302560732805,-8.862921614233322,45.36380098231923,39.663680352376375,4.841044172644615,-8.596734702587128,-11.177149415016174,-2.323494707254051,9.721888066468342,0
GUIDED_NOGPS,5.432848930358887,28.56610455771379,-9.03970602949518,46.235473855546005,39.563767642493396,-1.4476097826428602,-10.0,40.0,0.0,-0.10772256861869411,-0.12710213649112104,33.078206584305306,0.007026314847234677,0.2508457080907782,-0.29080708930361665,0.41168765001974494,-8.943029961754286,45.12963871784666,39.44161580606721,2.5088898837566376,-9.518159180879593,-11.115474998950958,-2.257322877375562,9.617782323139007,0
GUIDED_NOGPS,5.466391324996948,29.819376213057296,-8.930221462687522,45.96084647683477,39.09220850475529,-1.2742689565881946,-10.0,40.0,0.0,-0.2762880888378916,0.15621440376569878,32.76952984514492,0.073841437060094,0.3136158616852087,0.26882495701536324,0.4125783094963271,-8.846096376388846,44.74586772183084,38.4290989891022,3.7081409245729446,-9.341686964035034,-11.442196369171143,-1.5823716993362424,12.056663583284848,0
GUIDED_NOGPS,5.501293182373047,28.658034805304837,-8.831657342552313,45.70730608553647,38.68996133600717,-1.1082100862082278,-10.0,40.0,0.0,-0.5994707090523569,0.38674588141491134,32.28851035775219,0.030982740779301042,0.29256447060599056,0.2856500716930038,0.4133287329509874,-8.865946707651986,44.83942780577463,38.16127207440189,3.6211255937814713,-9.20015349984169,-9.329617023468018,-1.4341075339083362,11.007828272074153,0
GUIDED_NOGPS,5.532604217529297,32.013922069991985,-8.705280079390906,45.448646117788705,38.29830273669808,-0.8881688092048576,-10.0,40.0,0.0,-0.5823441697911086,0.6447722588875838,31.838769721663528,0.11587888552778094,0.38780935456527493,0.8725642232225547,0.41406408194326366,-8.763544768780822,44.819335924184,37.56497809527295,5.439808219671249,-9.814894944429398,-7.694065570831299,-0.9713087417052295,12.860663933507267,0
GUIDED_NOGPS,5.565568685531616,30.27809941815977,-8.607023026986395,45.167741856174544,37.915528197013195,-0.6457789619439039,-10.0,40.0,0.0,-0.7328722009489337,0.759433525970644,31.493182640228394,0.1508050730075297,0.32265821950132084,1.0815729533363014,0.4147795828985749,-8.93810393666898,44.2336049015116,36.89493731664756,4.4779084622859955,-10.5132557451725,-7.960204780101776,-0.40058716356957846,12.805999368258716,0
GUIDED_NOGPS,5.599010229110718,29.90697707583158,-8.553171181860966,44.85259336596725,37.46962478018894,-0.40579341586139717,-10.0,40.0,0.0,-0.5452466910052719,0.9096770370608558,31.007597171375508,0.2309073630715441,0.23176213240634358,1.190203871684208,0.4156212130185433,-9.026670895593242,44.358109007079825,36.62839246894683,1.5386475250124931,-13.016428053379059,-10.787340998649597,-0.2135016881306132,12.09024079324463,0
GUIDED_NOGPS,5.63418173789978,28.44097264602574,-8.575405512004746,44.48310088643127,36.95327929599978,-0.09884916875011152,-10.0,40.0,0.0,-0.5694842042444439,0.768338438461901,30.580102461413578,0.3290033133765349,0.07393969527666358,1.6887589913578165,0.416601994824141,-8.933782869123464,44.12337053784095,36.248211684880886,-3.751179203391075,-16.086547076702118,-15.076075494289398,0.1993063354040311,15.106506972235621,0
GUIDED_NOGPS,5.672767877578735,25.919084431755685,-8.545336318355576,44.09636457861069,36.4404395321178,0.19523793657568173,-10.0,40.0,0.0,-0.5866619699244673,0.7605646159693686,30.011011099768115,0.3253896103694863,0.17728445049448033,1.6429565113394653,0.4175714857724899,-9.204522212283369,43.39637955679669,35.34974751777604,0.8187674917280674,-15.398602187633514,-12.932084500789642,1.0931884846143058,11.664431432460404,0
GUIDED_NOGPS,5.708425521850586,28.0502915841849,-8.498687156065088,43.68230329515899,35.94626861279525,0.5658537973176353,-10.0,40.0,0.0,-0.4368510552686406,0.7771432993539878,29.484482061935587,0.46195235769621157,0.22250382914644704,2.430645957233974,0.4185088609707249,-9.204522212283369,43.39637955679669,35.34974751777604,1.4244519174098969,-15.838196873664856,-9.982570260763168,1.0931884846143058,15.747151395626137,0
GUIDED_NOGPS,5.742539644241333,29.32034029821532,-8.511178379006378,43.28720718482053,35.47236249754592,0.9201743083245888,-10.0,40.0,0.0,-0.40080457184133966,0.726863342026615,29.050167408087404,0.4796735330246674,0.1070047281706523,2.61317974202172,0.4194078886217233,-9.522122673866916,42.91397329562158,34.58128396752237,-0.41542169637978077,-16.35252684354782,-12.655317783355713,1.6043953174858212,14.740796445958336,0
GUIDED_NOGPS,5.776671886444092,29.301495707090112,-8.524662369781424,42.895819907902386,35.009254802108494,1.2714361318951999,-10.0,40.0,0.0,-0.3026503778783194,0.7186108193228,28.593652931889384,0.5068659541073389,0.10715669370144869,2.8213754230410872,0.4202863125816395,-9.522122673866916,42.91397329562158,34.58128396752237,-0.41542169637978077,-16.35252684354782,-12.655317783355713,1.6043953174858212,14.740796445958336,0
GUIDED_NOGPS,5.809351205825806,30.612005984746197,-8.60177396488851,42.46420284812953,34.5572191954903,1.5619849294644164,-10.0,40.0,0.0,-0.20141443457830108,0.7886934160447439,28.239591293241553,0.6560052972950773,-0.03075542236178497,2.7162680009052007,0.42114523427862394,-10.001093011252076,42.33310191244135,33.96449822533167,-3.1232867389917374,-18.00222545862198,-11.754412204027176,1.893685541663774,10.732993412703888,0
GUIDED_NOGPS,5.848065376281738,25.833517082514675,-8.736383138619257,42.01414303594611,34.12461022263344,1.9513368261514563,-10.0,40.0,0.0,-0.06184410792243913,0.9083204974586677,27.923228883717613,0.5937893856548867,-0.11998615922516927,3.192942312486573,0.42195788818707247,-10.34629073960631,41.79884684665244,33.32639661060662,-5.660917982459068,-19.370874762535095,-11.509128659963608,2.5683442926160236,15.905748388153834,0
GUIDED_NOGPS,5.876537799835205,35.12876262583963,-8.849168119294008,41.502625046824754,33.58455438100358,2.3164847891405005,-10.0,40.0,0.0,-0.08768655553400549,0.8520872832176883,27.50168839116464,1.035213489212854,-0.13945785942593564,3.939337071486414,0.42299951831577426,-10.540463174069362,41.50652937280031,32.84950319722148,-4.109275713562965,-19.42698508501053,-12.988191843032837,3.041244118066535,11.361007962545402,0
GUIDED_NOGPS,5.909932374954224,29.951612442514783,-9.024459508664235,41.1000868911476,33.15916850897901,2.5943077338970633,-10.0,40.0,0.0,-0.1213289457755942,0.783737900358488,27.26988030847087,0.7008769531208735,-0.2604358326237486,3.2346260249142977,0.4238063703904969,-10.888403967431952,41.12504212360891,32.38485794374456,-6.520852446556091,-18.732215464115143,-14.6696075797081,3.4751095468909754,9.443101942663224,0
GUIDED_NOGPS,5.943432331085205,29.855247423267468,-9.232653517708552,40.65499847523529,32.70423409848834,2.835981414754194,-10.0,40.0,0.0,-0.059546202833979406,0.8844996257588664,27.116836259738395,0.8165394872712873,-0.336960021948161,3.1506062620479316,0.42467260273030294,-11.074701381061137,40.90384547144079,32.15824747333778,-8.59980508685112,-18.458303809165955,-12.894432246685028,3.675043624271325,5.502582249148924,0
GUIDED_NOGPS,5.977658987045288,29.222286474698844,-9.503860397351755,40.180201640995776,32.249174699134535,3.042095953925322,-10.0,40.0,0.0,0.05707527518002151,0.9686597759687355,26.942425671734828,0.8835050996929303,-0.46592128437956914,3.0145479055513515,0.4255380089901378,-11.262882574518978,40.72582913840522,31.915447931535688,-12.29499876499176,-20.331066846847534,-13.171431422233582,3.8796982011072836,3.3628730930465736,0
GUIDED_NOGPS,6.010919094085693,30.074025210445555,-9.812991088901502,39.679547897176725,31.783248753642635,3.3095300396702716,-10.0,40.0,0.0,0.09046580219596599,1.0459293858839724,26.837032437746945,1.0209425281464541,-0.5863965056154637,3.5975410143418585,0.426427673002565,-12.20579121064684,39.909438994813755,30.545277664259643,-12.151593714952469,-20.11692225933075,-10.608743876218796,4.638684078129394,5.262844316828769,0
GUIDED_NOGPS,6.044827461242676,29.49539387631679,-10.1439756410639,39.18390627287229,31.32978379366308,3.5701020562040013,-10.0,40.0,0.0,0.08122246183546278,1.0472425964736132,26.77770199952163,1.0302926238284762,-0.6398505851378246,3.673198676875531,0.4272919488029887,-12.833638416161335,39.30457985648057,29.872348475939596,-12.151593714952469,-20.11692225933075,-10.608743876218796,4.9625025650256696,5.262844316828769,0
GUIDED_NOGPS,6.080735445022583,27.854693248681745,-10.457640136667713,38.707879412456656,30.781770064813387,3.7103941798332447,-10.0,40.0,0.0,0.13035532090824373,1.1104383881606272,26.77668088624071,0.9820599364956226,-0.6007342977058248,3.0092513388446434,0.4283438551051667,-13.036166436134737,39.10068346843397,29.660851181882666,-10.715677589178085,-19.126276671886444,-17.179279029369354,5.042275037430171,-1.6032868027004703,0
GUIDED_NOGPS,6.111237049102783,32.7941328245946,-10.80278698556833,38.19361321411545,30.301238493852306,3.9576857769665854,-10.0,40.0,0.0,0.305534051729387,1.284076204292632,26.86149646780664,1.2704787926064214,-0.7882926903552612,3.997391576047214,0.4292679779783897,-13.230044458363349,38.88615733853344,29.478026411166795,-12.057587504386902,-19.77050006389618,-11.511795222759247,5.109279375180721,4.555305020707148,0
GUIDED_NOGPS,6.153129816055298,23.875360751387504,-11.056013541380382,37.7678289137372,29.84675548264186,4.0061732302104796,-10.0,40.0,0.0,0.40122745660049863,1.3688263654529136,26.90016216869808,0.8523796110467067,-0.4742284198465493,2.6380861703643887,0.43012754799848985,-14.209404922869513,37.83200799234886,28.853521598430344,-4.761400446295738,-16.63219779729843,-14.104413986206055,5.258120284944729,-5.252134580210189,0
GUIDED_NOGPS,6.1791417598724365,38.45233685986175,-11.350496343757873,37.20825013409075,29.25445827188836,4.102034021965319,-10.0,40.0,0.0,0.5795783700640765,1.3218140666740101,27.06685805803412,1.621310811381565,-0.7932914104526191,3.1834249168398685,0.43128107802737026,-14.470106875136496,37.60904005734541,28.650682257356436,-4.761400446295738,-16.63219779729843,-14.104413986206055,5.270176087168286,-5.252134580210189,0
GUIDED_NOGPS,6.212711811065674,29.797132748895297,-11.666431961342072,36.830800811435374,28.93250258641118,4.12950919440843,-10.0,40.0,0.0,0.7116709736000968,1.3410124477704466,27.306765037536234,1.0062087953800265,-0.7477026739347463,2.641452258354054,0.43188615257069796,-14.999048581127905,37.229663321797744,28.216487545832962,-8.99573341012001,-18.16943883895874,-10.510902106761932,5.259470663386368,-4.106325096937298,0
GUIDED_NOGPS,6.27298903465271,16.591064259013866,-12.1207764604842,36.34418131466816,28.51580676263745,4.149477948328985,-10.0,40.0,0.0,0.9673731390838344,1.2614503488933184,27.68521386661559,1.1129187439987986,-0.9148964365832492,2.589251118710602,0.43267379088346414,-15.307299296182626,37.03971849415423,27.987015150045693,-16.0864919424057,-19.482173025608063,-10.886594653129578,5.23527121645287,-6.038596712191307,0
GUIDED_NOGPS,6.294956684112549,45.53482716692722,-12.638119071910015,35.78606275579673,27.979891150929205,4.068068263584885,-10.0,40.0,0.0,0.9050431805958252,1.1345947395425524,28.012415786352346,1.2334929212656884,-1.021053199400577,2.0545424624036697,0.4336984495883676,-15.946055365476859,36.61133855926775,27.54319755754915,-16.782739758491516,-18.441064655780792,-13.129805028438568,5.1479442560056485,-12.641920295148438,0
GUIDED_NOGPS,6.322238922119141,36.661573693687394,-13.213009482345957,35.21975179633652,27.41504620994592,3.952058018788385,-10.0,40.0,0.0,0.7248948068026233,0.8921320419912384,28.296160627494892,1.804111414819472,-1.649993376199963,1.52264354201782,0.43479815635514407,-16.234614639989196,36.38855002063416,27.373658954628766,-18.688441812992096,-17.38830804824829,-13.991092145442963,5.106942333262437,-13.716957065788948,0
GUIDED_NOGPS,6.3543360233306885,31.161942688172843,-13.728723251473085,34.87088332141773,27.06500244271151,3.777314015325137,-10.0,40.0,0.0,0.5598633491899521,0.7090689383305864,28.566308269547235,1.1684587469552188,-1.3978509243624782,1.175614044558749,0.43546355699535566,-16.915572581013876,35.94968548905405,26.953312602036178,-19.966426491737366,-17.07611083984375,-13.386936485767365,4.913729754976501,-14.208386615250427,0
GUIDED_NOGPS,6.387448072433472,30.210275358874075,-14.26889152048682,34.470460371204226,26.660285395081782,3.6915594483792966,-10.0,40.0,0.0,0.1892012292490985,0.13599140091226783,29.342216051713393,1.2799693500141365,-1.4580217269743507,1.696211531762084,0.43623773163666707,-17.24043629325104,35.72476074434257,26.766881742504943,-19.688011705875397,-16.69328063726425,-13.54130208492279,4.7801670183931755,-8.904688375674874,0
GUIDED_NOGPS,6.420100450515747,30.62765343751141,-14.95501119620938,34.00223545311778,26.30298713259472,3.4435571761682593,-10.0,40.0,0.0,0.09544176842909217,-0.21516766080235644,29.802560556488498,1.4738993872122068,-1.8371122475678552,0.551468237490045,0.43691787462386555,-19.75112611245214,34.36878875035025,26.313955978266367,-22.964152693748474,-17.94373393058777,-10.229305177927017,3.7370462132576883,-15.61023171597677,0
GUIDED_NOGPS,6.452952146530151,30.44601559210813,-15.624927052991492,33.544475779889815,25.95572393779895,3.1953171221430625,-10.0,40.0,0.0,0.06531320369057092,-0.6251182294683134,30.356232766082655,1.4780763469508433,-1.8643063921081484,0.405639078776203,0.43757829961967837,-19.75112611245214,34.36878875035025,26.313955978266367,-22.964152693748474,-17.94373393058777,-10.229305177927017,3.7370462132576883,-15.61023171597677,0
GUIDED_NOGPS,6.4901604652404785,26.880705487265597,-16.25356543015972,33.12203939667278,25.596358610383312,3.021431169757118,-10.0,40.0,0.0,0.08781919727407861,-0.8162517352418643,30.798996363934148,1.3288509353762123,-1.6910986477943595,0.8755845023064037,0.4382590405618153,-20.579372691139085,34.307264972935215,26.20908031658533,-18.627415597438812,-16.39246642589569,-11.672118306159973,3.4758766384689626,-10.36531749949293,0
GUIDED_NOGPS,6.526055097579956,27.864500913469524,-16.926673126975835,32.65191553816195,25.20798877610778,2.6775477075761382,-10.0,40.0,0.0,0.31210602773226154,-1.4092102858074371,31.64474795300556,1.4722420100422495,-1.876959569108907,-0.3058087516825905,0.4389995162925793,-20.98477752312543,34.156128595659865,26.02088614182424,-19.97096538543701,-17.86140203475952,-12.061997503042221,3.254261265942144,-19.615323164130725,0
GUIDED_NOGPS,6.555812835693359,33.61035963843836,-17.540750926608027,32.22474859737222,24.884660265366353,2.3997876685040036,-10.0,40.0,0.0,0.4563509251839097,-1.5864238126916492,32.05513303909661,1.5871173588770875,-2.0696777201465655,-0.4279688067735852,0.43961656924091774,-21.803982312368852,33.688256626548096,25.729229488269937,-17.38455295562744,-17.957711219787598,-10.864899307489395,2.704787317632961,-14.649654401673686,0
GUIDED_NOGPS,6.5898118019104,29.417816337838502,-18.123253474345002,31.84653861160363,24.603956983155562,2.1242311358911468,-10.0,40.0,0.0,0.6802021576597325,-1.8798484192702798,32.54844003680619,1.38823907230164,-1.8909080732903503,-0.3466132786356457,0.4401445191955142,-22.256319123637923,33.52408882861944,25.582139584713914,-17.38455295562744,-17.957711219787598,-10.864899307489395,2.4261019142087905,-14.649654401673686,0
GUIDED_NOGPS,6.623699903488159,29.51594266130905,-18.81405019888685,31.401166439294617,24.293986034476212,1.7397971736247446,-10.0,40.0,0.0,0.6821139169362485,-2.1556821938066597,33.09090732106694,1.5513377572899798,-2.1886237835935898,-1.2309827728065794,0.44073161712396425,-24.281645299709737,32.57035455358034,24.916877948786478,-17.085440456867218,-16.886019706726074,-8.564149588346481,1.0062968144659141,-16.595040833907767,0
GUIDED_NOGPS,6.6569836139678955,30.050323837909097,-19.526173050486175,30.9613646307078,24.04158687864862,1.3438763883089118,-10.0,40.0,0.0,0.6624342209467377,-2.297994307805753,33.63412934123099,1.571564192243235,-2.3243469311988476,-1.5640978076043837,0.4412042910042081,-24.6557696353495,32.40996349397683,24.851579094585098,-19.555720686912537,-17.934826016426086,-6.455834209918976,0.7607792130765518,-17.262714023391315,0
GUIDED_NOGPS,6.689430475234985,30.82437844948593,-20.1759851829795,30.56282233497405,23.764424767256784,1.0683278339127473,-10.0,40.0,0.0,0.5484350553263456,-2.2739962247135015,34.018163557504124,1.5317069286277254,-2.2994035650969993,-1.0558179635853593,0.44172774207140275,-24.969683386744727,32.28725817427651,24.73812823290016,-16.231967508792877,-16.21040403842926,-8.806701749563217,0.5346920504435732,-9.701584475386833,0
GUIDED_NOGPS,6.729860067367554,24.740339638890365,-20.895804135278237,30.127996521898602,23.546649169072666,0.6473398565974007,-10.0,40.0,0.0,0.4128717018357539,-2.356563179938612,34.40003260381037,1.4509372680047912,-2.2270857234654904,-1.702381078114958,0.4421253635667493,-27.119115109053432,31.092258661913213,24.08277231139619,-16.168080270290375,-16.118058562278748,-4.191463068127632,-1.0170723521009,-14.91706655296344,0
GUIDED_NOGPS,6.757598400115967,36.06142206173158,-21.598902045916436,29.68668824574242,23.2942845684701,0.24053160113651018,-10.0,40.0,0.0,0.2937343930100875,-2.393165950257299,34.71519460758768,1.8085247758646203,-2.8315683017192907,-2.8040455214729096,0.44260438005210845,-27.45429406090257,30.933880856488763,23.935949588382254,-14.639124274253845,-16.220155358314514,-6.043494492769241,-1.245503901208132,-13.446146895387113,0
GUIDED_NOGPS,6.790410995483398,30.481417421258413,-22.140634054114926,29.37116145879211,23.142722490828007,-0.08631906216035287,-10.0,40.0,0.0,0.36658049494238915,-2.590148392477055,35.064060179824416,1.3993961018333452,-2.256367723936583,-2.0335067867840344,0.4428769681803146,-27.666223764358524,30.838026018535153,23.750622983446668,-11.13026812672615,-15.08183628320694,-4.410526156425476,-1.3592308124570467,-11.675178735119419,0
GUIDED_NOGPS,6.8261635303497314,27.977694175404892,-22.7279895186469,28.992515513723163,22.909065507818763,-0.4435363864829789,-10.0,40.0,0.0,0.5207240707291046,-2.876974716152336,35.30943472575713,1.4830412553719439,-2.3241671734074414,-2.272721828241195,0.44331165575303766,-27.666223764358524,30.838026018535153,23.750622983446668,-10.40443331003189,-14.881479740142822,-6.709191203117371,-1.3592308124570467,-12.013920259458908,0
GUIDED_NOGPS,6.862542629241943,27.491013960804878,-23.29156421285437,28.616437242473495,22.665790691288546,-0.7317273623483159,-10.0,40.0,0.0,0.9428634321340668,-3.196062371155114,35.60749052075814,1.4775876254306943,-2.307148429154508,-2.015766321646246,0.4437650629876669,-27.666223764358524,30.838026018535153,23.750622983446668,-9.59058701992035,-15.04267305135727,-7.649549841880798,-1.3592308124570467,-7.950888316575735,0
GUIDED_NOGPS,6.891635179519653,34.381231863862155,-23.840822911452392,28.246434322092544,22.42539729213903,-1.0194545601971174,-10.0,40.0,0.0,1.1374762255986517,-3.621873439486634,35.79800840237189,1.6476422888321995,-2.611455005118414,-2.5919739074906136,0.444219783461038,-27.666223764358524,30.838026018535153,23.750622983446668,-9.59058701992035,-15.04267305135727,-7.649549841880798,-1.3592308124570467,-7.950888316575735,0
GUIDED_NOGPS,6.925814628601074,29.26265409919558,-24.27233420597042,27.98821471783833,22.18496783787649,-1.1492428659742238,-10.0,40.0,0.0,1.3325528315965627,-3.8892595506801775,35.941476525888014,1.3346300448578658,-2.2119917630066324,-1.4517841206404942,0.444670422434326,-27.666223764358524,30.838026018535153,23.750622983446668,-9.01140347123146,-14.641022682189941,-12.545284628868103,-1.3592308124570467,-2.145717588137846,0
GUIDED_NOGPS,6.958955764770508,30.17940839983019,-24.646286843599977,27.724284917671284,22.02316433401024,-1.3445627894958831,-10.0,40.0,0.0,1.3989375745740322,-4.3463750835251584,36.098912386256806,1.3710246209140664,-2.15062694209016,-1.979807825418464,0.4449646940249592,-27.666223764358524,30.838026018535153,23.750622983446668,-2.2109054028987885,-11.590393632650375,-5.189120769500732,-1.3592308124570467,-4.708692286445417,0
GUIDED_NOGPS,6.992480039596558,29.834435861323318,-25.011238009253862,27.476399275066953,21.797767405152744,-1.5602497194894913,-10.0,40.0,0.0,1.41706681762195,-4.567013672491842,36.20825005449037,1.3463376222450547,-2.1633577698714803,-2.2209999630252772,0.4453862144698913,-27.666223764358524,30.838026018535153,23.750622983446668,-3.5284530371427536,-11.852431297302246,-10.13818085193634,-1.3592308124570467,-6.71871194502168,0
GUIDED_NOGPS,7.025631427764893,30.17094189241681,-25.398989151434332,27.235846923791136,21.578918973637826,-1.694096926266362,-10.0,40.0,0.0,1.3383542235228423,-4.878314911840806,36.271391738272555,1.348695260298371,-2.2600283092790487,-1.8241232251729915,0.44579530266193346,-27.666223764358524,30.838026018535153,23.750622983446668,-6.312160938978195,-12.304741144180298,-10.553034394979477,-1.3592308124570467,-2.2514668457362146,0
GUIDED_NOGPS,7.068649530410767,23.250408820545797,-25.714494433559054,27.048840889687348,21.3877383805005,-1.7302403980838688,-10.0,40.0,0.0,1.2769932981233287,-4.9333991068364895,36.30538558977171,1.213990848017299,-2.0437136578282122,-1.227021551175027,0.4461449218694122,-27.666223764358524,30.838026018535153,23.750622983446668,-2.772023528814316,-9.747426956892014,-9.445633739233017,-1.3592308124570467,3.038627578003378,0
GUIDED_NOGPS,7.094355344772339,38.911088021374496,-25.97458929969511,26.883979016572876,21.299600400189167,-1.8619869174308197,-10.0,40.0,0.0,1.0290275491742469,-4.952732811055856,36.2832489466717,1.260020563235715,-2.102222910237331,-1.996194700499045,0.4462956584436831,-27.666223764358524,30.838026018535153,23.750622983446668,0.4446703940629959,-8.278445154428482,-2.9965532943606377,-1.3592308124570467,-3.115627075281282,0
GUIDED_NOGPS,7.129191637039185,28.712180228777186,-26.082357429195174,26.858142354367548,21.254074555411734,-1.9287139566293277,-10.0,40.0,0.0,0.8648485311865051,-4.97456508385098,36.28014804078851,0.9630916111184736,-1.71042553814951,-1.5360577863485283,0.44635676057980467,-27.666223764358524,30.838026018535153,23.750622983446668,5.481356009840965,-4.147284850478172,-3.663179650902748,-1.3592308124570467,-1.4117514363437993,0
GUIDED_NOGPS,7.16169285774231,30.776202635672565,-26.201641692686874,26.801442802764456,21.183902233325004,-1.9106065333833133,-10.0,40.0,0.0,0.6285405811293129,-4.770803892323397,36.194562355393664,1.0391972314811142,-1.7840473178293947,-1.0273408313826065,0.4464713229400129,-27.666223764358524,30.838026018535153,23.750622983446668,6.4320482313632965,-3.9971500635147095,-3.9489831775426865,-1.3592308124570467,4.538513854406318,0
GUIDED_NOGPS,7.199256181716919,26.627627494175233,-26.269455974778502,26.77830846102716,21.046938513085916,-1.9446232365236353,-10.0,40.0,0.0,0.44982713403119545,-4.821476212002075,36.06525321402698,0.9640822297042377,-1.6409303306124814,-1.3484428398766128,0.44671372280620875,-27.666223764358524,30.838026018535153,23.750622983446668,7.806640863418579,-3.6895349621772766,-9.615655243396759,-1.3592308124570467,0.30229392738100935,0
GUIDED_NOGPS,7.236801862716675,26.63777412245883,-26.281954829028695,26.75641144383936,20.955669983445407,-1.9025255814824629,-10.0,40.0,0.0,0.4011300196831202,-4.616948758626982,35.94176680892774,0.966323601931312,-1.53699552739279,-0.9300310416829405,0.4468628887060776,-27.666223764358524,30.838026018535153,23.750622983446668,12.59695589542389,-1.738930307328701,-5.256032198667526,-1.3592308124570467,5.772923270932144,0
GUIDED_NOGPS,7.261657476425171,40.243168560024564,-26.279903755849443,26.72380468574877,20.84948788581042,-1.93447191428207,-10.0,40.0,0.0,0.3388521680679588,-4.443551173054692,35.77778762733407,1.0188469740890507,-1.5116470579758214,-1.41858695179461,0.4470545920294916,-27.666223764358524,30.838026018535153,23.750622983446668,13.531211018562317,-1.8248612061142921,-4.3473053723573685,-1.3592308124570467,1.8986483015173283,0
GUIDED_NOGPS,7.295241594314575,29.781053408881125,-26.150361178403887,26.8267431886882,20.859170303385692,-1.8463583355723565,-10.0,40.0,0.0,0.2614298660721751,-4.309166347361044,35.57889934889247,0.7373924009963521,-1.2244267343338424,-0.5813959378277824,0.44700729543773526,-27.666223764358524,30.838026018535153,23.750622983446668,15.508341789245605,-1.0718549601733685,-4.547782242298126,-1.3592308124570467,5.520577236290968,0
GUIDED_NOGPS,7.330088138580322,28.83218191691929,-26.072634736387734,26.852789528186968,20.809460440943667,-1.7858464160638867,-10.0,40.0,0.0,0.4763146609933578,-4.040867125252835,35.323207802218455,0.8847880405862389,-1.3360051000065578,-0.7233499253150473,0.44707778069794696,-27.666223764358524,30.838026018535153,23.750622983446668,15.508341789245605,-1.0718549601733685,-4.547782242298126,-1.3592308124570467,5.520577236290968,0
GUIDED_NOGPS,7.362046957015991,31.28723388384132,-25.914617060692343,26.88669728941471,20.779660541612603,-1.5704122664931421,-10.0,40.0,0.0,0.8612341871768048,-3.751744363912549,34.930700736279924,0.8733353975195405,-1.131330000768106,0.39567056019469005,0.44711061264527874,-27.666223764358524,30.838026018535153,23.750622983446668,20.262379944324493,-1.0120872408151627,-3.8085728883743286,-1.3592308124570467,14.799110893544613,0
GUIDED_NOGPS,7.3953657150268555,30.01978270516326,-25.70701950267533,26.956944048361233,20.72005531211109,-1.4158318751138097,-10.0,40.0,0.0,1.1213994543963226,-3.6614522512927423,34.57839957889066,0.8054460632098847,-1.0157201373214333,0.07938597279616821,0.447202238084202,-27.666223764358524,30.838026018535153,23.750622983446668,22.76897430419922,0.5421221721917391,-6.410529464483261,-1.3592308124570467,10.625447815353805,0
GUIDED_NOGPS,7.436856269836426,24.107827866261257,-25.507684359710993,27.007731940616324,20.71260001307804,-1.3247260514490575,-10.0,40.0,0.0,1.3907304619560272,-3.3476588466703703,34.15310418984148,0.8590846847050215,-1.0973744105238536,-0.35422575889216723,0.44718288638168074,-27.666223764358524,30.838026018535153,23.750622983446668,21.816590428352356,-0.6484780460596085,-2.941250801086426,-1.3592308124570467,6.531428584866754,0
GUIDED_NOGPS,7.46715521812439,33.009640886804185,-25.261195503184556,27.09511360680418,20.696795360399975,-1.1095510833021982,-10.0,40.0,0.0,1.514172257382256,-3.230481188486689,33.881815906197744,0.7538545484534572,-0.8368604276076163,0.757605884207182,0.4471894647422086,-27.666223764358524,30.838026018535153,23.750622983446668,24.448072910308838,1.6412844881415367,-3.428982198238373,-1.3592308124570467,14.100348390506458,0
GUIDED_NOGPS,7.501266002655029,29.323005075574322,-25.0062334676958,27.24299008417959,20.67100029225129,-1.0404357843234,-10.0,40.0,0.0,1.547609661907465,-2.977571449795576,33.51194750226321,0.6509425681512488,-0.8612952423351363,-0.2208540701891316,0.4472127225799124,-27.666223764358524,30.838026018535153,23.750622983446668,24.740484356880188,3.1455881893634796,-6.019974872469902,-1.3592308124570467,4.8217861318356645,0
GUIDED_NOGPS,7.5298073291778564,35.046282138052625,-24.793123935819146,27.36642024478459,20.644362854908703,-0.9281948302092511,-10.0,40.0,0.0,1.467642660878602,-2.4918077556940346,33.06106963967775,0.6432521612944501,-0.8389294619468962,0.2299468014261572,0.447242439189193,-27.666223764358524,30.838026018535153,23.750622983446668,21.951252222061157,2.2060146555304527,-6.255127489566803,-1.3592308124570467,7.473717640780305,0
GUIDED_NOGPS,7.567745208740234,26.361861663681218,-24.540979394850858,27.52864345905519,20.653578166023536,-0.6549683797453805,-10.0,40.0,0.0,1.434571098360812,-2.0417136573158268,32.71566014316103,0.639121896818774,-0.8725390462165727,1.0430126994711282,0.44719257052517064,-27.666223764358524,30.838026018535153,23.750622983446668,24.866817891597748,4.562660679221153,-4.411938786506653,-1.3592308124570467,17.79809669393547,0
GUIDED_NOGPS,7.59759259223938,33.514482736577996,-24.2208797959982,27.68480759408314,20.641480713427807,-0.43418474479382096,-10.0,40.0,0.0,1.380870016672056,-1.7739461227458204,32.47311329554471,0.5631568796201505,-0.5377369485122532,1.2510353845350841,0.4471926454872311,-27.666223764358524,30.838026018535153,23.750622983446668,27.5112122297287,6.7219845950603485,-2.725073881447315,-1.3592308124570467,13.52541807089428,0
GUIDED_NOGPS,7.631194829940796,29.762668085861275,-23.977283824150273,27.858078908909352,20.65911240334969,-0.17426889729946396,-10.0,40.0,0.0,1.1897598295912184,-0.8180988211646768,31.805376926811338,0.5701290333064287,-0.7817919694412965,1.4161585623128716,0.44712913427183865,-27.666223764358524,30.838026018535153,23.750622983446668,24.073679745197296,5.367706343531609,-4.004470258951187,-1.3592308124570467,17.19188325415099,0
GUIDED_NOGPS,7.705155849456787,13.521856170632553,-23.74299164820606,28.013025158728727,20.644651212145945,0.010887702496494636,-10.0,40.0,0.0,0.5968194217156283,-0.24837363930857836,30.794778722121663,0.754918393969209,-1.0364817903477068,0.5075393838048595,0.4470970196589798,-27.666223764358524,30.838026018535153,23.750622983446668,22.124968469142914,5.062682181596756,-4.647485911846161,-1.3592308124570467,11.74093125871184,1
GUIDED_NOGPS,7.711549282073975,156.60906579045627,-23.461090250938536,28.202726045765974,20.649658083711095,0.22459055389835494,-10.0,40.0,0.0,0.5968194217156283,-0.24837363930857836,30.794778722121663,-1.0829623986108254,1.8870170676317224,6.902098420268256,0.44708178922728675,-27.666223764358524,30.838026018535153,23.750622983446668,25.553885102272034,7.047627121210098,-3.9532985538244247,-1.3592308124570467,13.801670194517325,0
GUIDED_NOGPS,7.736839771270752,39.55286063200777,-23.361971844261575,28.428775393054668,20.77336582558489,0.3201547712467195,-10.0,40.0,0.0,0.40481079795466945,-0.016566470419413868,30.26261819331846,0.28755344071026445,-0.9500731367597356,0.9437156107999272,0.4468132440962318,-27.666223764358524,30.838026018535153,23.750622983446668,25.553885102272034,7.047627121210098,-3.9532985538244247,-1.3592308124570467,13.801670194517325,0
GUIDED_NOGPS,7.770125389099121,30.052476964303626,-23.175611636814235,28.590728516311657,20.719986517836457,0.49812847881011046,-10.0,40.0,0.0,0.33807333973959225,0.06627422598102625,29.90276284670717,0.537906439150438,-0.8101576661285973,1.371877753571281,0.44689250887738463,-27.666223764358524,30.838026018535153,23.750622983446668,23.093439638614655,5.647604167461395,-9.776077419519424,-1.3592308124570467,14.306233343979091,0
GUIDED_NOGPS,7.802491664886475,30.900453822125304,-22.896856285582317,28.768025875391732,20.61917714935817,0.7045017473448963,-10.0,40.0,0.0,0.4524651345155542,0.2506319506441932,29.506840686183626,0.4873864215362295,-0.5764393117243048,1.693686931333824,0.4470673437009085,-27.666223764358524,30.838026018535153,23.750622983446668,25.895774364471436,7.4194930493831635,-10.858473926782608,-1.3592308124570467,14.052177627611297,0
GUIDED_NOGPS,7.840003252029419,26.66537820895902,-22.610652012658214,28.926605433801186,20.53668421150457,0.8164993299233564,-10.0,40.0,0.0,0.5318240352648745,0.26349829281277826,29.13752894266645,0.5572710451011051,-0.6152853223367274,1.087685234103724,0.44720154852271576,-27.666223764358524,30.838026018535153,23.750622983446668,26.19909942150116,5.947906896471977,-9.711024910211563,-1.3592308124570467,7.96525732704215,0
GUIDED_NOGPS,7.870077848434448,33.25803637978337,-22.299061584647376,29.094261493675848,20.403288092068063,0.9016240878535261,-10.0,40.0,0.0,0.8201686352874551,0.3442489780076209,28.739537234824393,0.45514477996044633,-0.3976843584969575,1.1070697154507059,0.44744379612998153,-27.666223764358524,30.838026018535153,23.750622983446668,25.18431842327118,6.4546138048172,-11.834406852722168,-1.3592308124570467,4.873742953965128,0
GUIDED_NOGPS,7.904137134552002,29.366118688212396,-22.0544570731067,29.26053688785062,20.305801286946316,0.9445850865777234,-10.0,40.0,0.0,0.9809404560964184,0.34015038425793725,28.45153206318705,0.49134774276093046,-0.5972423069202021,0.8191907952821562,0.447611124093255,-27.666223764358524,30.838026018535153,23.750622983446668,25.18431842327118,6.4546138048172,-11.834406852722168,-1.3592308124570467,4.873742953965128,0
GUIDED_NOGPS,7.93773341178894,29.770273051835133,-21.81261965870185,29.43069384867508,20.114895211009145,1.0754373645706328,-10.0,40.0,0.0,1.1472239727613176,0.3571785527868815,28.254726992442304,0.4685334661917338,-0.5748816738591467,1.4232596162485942,0.4479658710591016,-27.666223764358524,30.838026018535153,23.750622983446668,22.7249413728714,6.6594332456588745,-17.111502587795258,-1.3592308124570467,9.800103123975097,0
GUIDED_NOGPS,7.9715681076049805,29.565043315217775,-21.59249559675345,29.621377989747526,19.9679233024755,1.0703790300193192,-10.0,40.0,0.0,1.1080391774929546,0.17753483925989358,28.10971524617376,0.41540407286714903,-0.6017541263350292,0.6121648692618304,0.4482329364003085,-27.666223764358524,30.838026018535153,23.750622983446668,21.37155830860138,8.102177083492279,-14.122830331325531,-1.3592308124570467,1.18847767501796,0
GUIDED_NOGPS,8.005547761917114,29.43288609442542,-21.388870631212484,29.814830403206546,19.81232426315895,1.0281214729729866,-10.0,40.0,0.0,1.1489733549624872,0.13104023413552263,28.073009809574113,0.3914341850880199,-0.6140742108615725,0.3629604424485374,0.44851775623868306,-27.666223764358524,30.838026018535153,23.750622983446668,20.85375189781189,8.395294100046158,-15.046824514865875,-1.3592308124570467,-0.6581369647417418,0
GUIDED_NOGPS,8.03795337677002,30.865662415648067,-21.211026760357594,30.015492844624628,19.727942362256258,1.0640837506262764,-10.0,40.0,0.0,1.3839696418947725,-0.2365904690928221,27.922897619542866,0.3634876686278255,-0.6526903730706658,0.8546199409762556,0.4486602643063459,-27.666223764358524,30.838026018535153,23.750622983446668,19.380277395248413,9.000793099403381,-10.483744740486145,-1.3592308124570467,4.6424471354591095,0
GUIDED_NOGPS,8.071871757507324,29.4870994502327,-21.034059022728314,30.215720509682104,19.64357943075821,1.0974828430859278,-10.0,40.0,0.0,1.5748452546663025,-0.3278326183374953,27.92227948742298,0.35720951166609816,-0.6458314032125292,0.855451254565956,0.44880234221780313,-27.666223764358524,30.838026018535153,23.750622983446668,19.380277395248413,9.000793099403381,-10.483744740486145,-1.3592308124570467,4.6424471354591095,0
GUIDED_NOGPS,8.104151010513306,30.98949359419562,-20.89080467694615,30.423253219578267,19.486456227438637,1.12214046871016,-10.0,40.0,0.0,2.027218928680002,-1.1108321912549608,27.879095616395574,0.3078322600828389,-0.6878941496577995,0.8264174938150758,0.44909148683317046,-27.666223764358524,30.838026018535153,23.750622983446668,17.13760793209076,9.573102742433548,-15.200869739055634,-1.3592308124570467,4.113896361632258,0
GUIDED_NOGPS,8.139460325241089,28.326111621373386,-20.728437038208938,30.643657718827647,19.288757136942042,1.1110521340594897,-10.0,40.0,0.0,1.9640706281520608,-1.6559352882051037,27.83135600919177,0.30371209137366145,-0.6628980506067675,0.6037713716974172,0.44945966509629576,-27.666223764358524,30.838026018535153,23.750622983446668,19.352781772613525,10.777635127305984,-18.61269474029541,-1.3592308124570467,2.4747832957443663,0
GUIDED_NOGPS,8.176026582717896,27.351361926064076,-20.558044101632465,30.88202790939475,19.108901593736846,1.0505705460657029,-10.0,40.0,0.0,1.3627064092348764,-1.5774529995470723,27.792196827132795,0.2685795176552251,-0.6456678751875468,0.30046174708195494,0.44979134818029987,-27.666223764358524,30.838026018535153,23.750622983446668,18.987685441970825,11.648885905742645,-16.50354415178299,-1.3592308124570467,-1.0571022947056439,0
GUIDED_NOGPS,8.207310914993286,31.971704729091076,-20.415064893528083,31.154975773575956,19.128912061849356,1.4991905616613441,-10.0,40.0,0.0,0.04442475098095297,-1.139200314755551,27.742829927359235,0.10851168996943908,-0.6405032188508355,3.7682092729923253,0.4497273954896876,-27.666223764358524,30.838026018535153,23.750622983446668,18.7087282538414,14.567431807518005,-4.657850041985512,-1.3592308124570467,31.474922129482366,0
GUIDED_NOGPS,8.239991664886475,30.604188252462606,-20.42063638969562,31.13265825338147,19.328798104346813,0.8689361397521055,-10.0,40.0,0.0,0.49415676929187075,-0.9270299864209194,27.815241885392417,0.7199694145052502,-0.9649939151794545,-3.3380974514412936,0.44930237207273466,-27.666223764358524,30.838026018535153,23.750622983446668,11.46588921546936,-3.8481436669826508,5.855775251984596,-1.3592308124570467,-35.638752296589296,0
GUIDED_NOGPS,8.272602319717407,30.67155152871319,-20.400084525779707,31.11639022628781,19.524910462143882,0.23835471952665832,-10.0,40.0,0.0,1.1187343999595483,-1.181258805395491,27.454746208546435,0.6984596589377045,-0.9152882789759836,-3.7196612148684105,0.4488846478288438,-27.666223764358524,30.838026018535153,23.750622983446668,11.46588921546936,-3.8481436669826508,5.855775251984596,-1.3592308124570467,-35.638752296589296,0
GUIDED_NOGPS,8.306528091430664,29.48088169140801,-20.387523824616224,31.20412246758941,19.681993472015005,-0.2445218189186607,-10.0,40.0,0.0,0.7841542217327415,-1.2651752565902084,27.218346531183126,0.48369132341985277,-0.9375032391617839,-2.9952398303666192,0.4485437901927027,-27.666223764358524,30.838026018535153,23.750622983446668,10.976973176002502,3.296922519803047,3.2051868736743927,-1.3592308124570467,-26.137269311995386,0
GUIDED_NOGPS,8.340116262435913,29.778938998068842,-20.21289910080589,31.405492908050814,20.301390190808117,-0.6460974894524871,-10.0,40.0,0.0,0.4343226046152665,-1.3142261533929491,27.116841382380272,0.2437910727925081,-0.5838714725348166,-2.7845653844553295,0.4472777865387831,-27.666223764358524,30.838026018535153,23.750622983446668,21.878623962402344,10.939116775989532,32.83892571926117,-1.3592308124570467,-20.86256181035195,0
GUIDED_NOGPS,8.378630876541138,25.972369977274276,-20.288485542942716,31.52450141135248,20.434023738678654,-0.28649725223883493,-10.0,40.0,0.0,-0.19977428204299888,-1.3493876470750574,26.821198351703565,0.4199539925781648,-1.0965578375098355,1.7512688349345138,0.4469819528658413,-27.666223764358524,30.838026018535153,23.750622983446668,5.282855778932571,5.752994865179062,1.1971717700362206,-1.3592308124570467,26.47147900582057,0
GUIDED_NOGPS,8.408741235733032,33.215369508061706,-20.247737361089964,31.566621423532645,20.827830915550614,-0.20747994304372713,-10.0,40.0,0.0,-0.03409470351111693,-0.9255283052988686,26.355379450308693,0.5386383667314213,-0.8602497701971638,0.38092975465181506,0.4461682886275977,-27.666223764358524,30.838026018535153,23.750622983446668,13.502700626850128,0.8931468240916729,18.099170923233032,-1.3592308124570467,8.635751384652915,0
GUIDED_NOGPS,8.443199634552002,29.026727013522677,-20.316352617544233,31.59715585083749,21.050505924058758,-0.14619132175797428,-10.0,40.0,0.0,0.6400198879682829,-0.7599196433404785,25.974592988985897,0.5668033942233731,-1.0968339350852179,0.2681533180724567,0.4456939355851321,-27.666223764358524,30.838026018535153,23.750622983446668,7.881676405668259,1.0444765910506248,6.653493642807007,-1.3592308124570467,7.16868480754212,0
GUIDED_NOGPS,8.476944208145142,29.64004861915934,-20.286906561833344,31.649926809740613,21.229279950420977,-0.3989876688129552,-10.0,40.0,0.0,0.5008791695390442,-0.9672886154928555,25.55929528933432,0.5158428814603446,-0.8962207834394968,-1.7338635621087841,0.44530765932255806,-27.666223764358524,30.838026018535153,23.750622983446668,12.962542474269867,2.084331214427948,4.097355902194977,-1.3592308124570467,-12.292253029457866,0
GUIDED_NOGPS,8.51053237915039,29.77682488747533,-20.352343584111505,31.655183603167078,21.494668397598833,-0.293975193938462,-10.0,40.0,0.0,0.3890063271846418,-1.0411471862479058,25.216921811903678,0.6074430832768304,-1.0993638742827985,0.44978488891974,0.44474804414714775,-27.666223764358524,30.838026018535153,23.750622983446668,7.535642385482788,-0.6095538847148418,9.681019932031631,-1.3592308124570467,9.683012337259921,0
GUIDED_NOGPS,8.543433904647827,30.399675296436957,-20.414139427310598,31.657351183061618,21.758082473633714,-0.18543878251898635,-10.0,40.0,0.0,0.347582884054954,-0.8692684639922967,24.869292503906706,0.6154526588287661,-1.0990496432307313,0.5490522196858355,0.4441926048935098,-27.666223764358524,30.838026018535153,23.750622983446668,7.535642385482788,-0.6095538847148418,9.681019932031631,-1.3592308124570467,9.683012337259921,0
GUIDED_NOGPS,8.577187299728394,29.632300681761983,-20.486721984910453,31.654213688954314,21.964171219392732,0.4993304670699363,-10.0,40.0,0.0,0.4297158021026516,-1.0044528487056585,24.608145343633147,0.6395295391419884,-1.117281802709802,4.358113997271999,0.44375078032884013,-27.666223764358524,30.838026018535153,23.750622983446668,7.379989326000214,-0.5834035575389862,6.322172284126282,-1.3592308124570467,44.86968807306441,0
GUIDED_NOGPS,8.611567497253418,29.092765485191094,-20.525454212761023,31.626571352772178,22.258183114972198,0.3999024763568416,-10.0,40.0,0.0,0.4292975063768412,-0.7744261647247922,23.946527116848813,0.6860610442010233,-1.0507644722305658,-0.3434576708523694,0.44313240906256046,-27.666223764358524,30.838026018535153,23.750622983446668,9.401538223028183,-2.1287256851792336,11.986643075942993,-1.3592308124570467,-3.53474327756572,0
GUIDED_NOGPS,8.644672393798828,30.212451468374308,-20.595324669865217,31.60253074500366,22.531976235157707,0.6097682317505322,-10.0,40.0,0.0,0.49521747632563257,-0.848082711290798,23.63986357594629,0.6869125220097845,-1.1221750591589839,1.6265444970878833,0.44255481567133576,-27.666223764358524,30.838026018535153,23.750622983446668,7.636328786611557,-1.6507701948285103,10.919595509767532,-1.3592308124570467,15.464297894170278,0
GUIDED_NOGPS,8.677483558654785,30.483632769347054,-20.72524342305714,31.50810279407983,22.64023453715589,0.30233270163353426,-10.0,40.0,0.0,0.4264312815246688,-0.8273924674692428,23.296226513519194,0.8286710416684724,-1.2667374262399733,-1.688927127847689,0.442308527103649,-27.666223764358524,30.838026018535153,23.750622983446668,3.9627671241760254,-5.962711945176125,0.9315097704529762,-1.3592308124570467,-15.984305808892735,0
GUIDED_NOGPS,8.711949586868286,29.020701870917748,-20.84629625843434,31.457154421973296,22.89690021574934,0.2545342464221195,-10.0,40.0,0.0,0.6643913903090636,-0.7615203622054943,23.117386547838873,0.7415291054694462,-1.2496882722746079,-0.12633607167842287,0.441763820423095,-27.666223764358524,30.838026018535153,23.750622983446668,4.599811881780624,-2.987258695065975,10.597790777683258,-1.3592308124570467,0.08729045792299765,0
GUIDED_NOGPS,8.745408773422241,29.89461380013257,-21.072360097152146,31.377266573490257,22.883303353986,0.24649270717126687,-10.0,40.0,0.0,0.6203155392647366,-0.7773763261985617,22.873456586915623,0.8059396040760579,-1.492128089785988,0.10019260226627313,0.44176015371484956,-27.666223764358524,30.838026018535153,23.750622983446668,-2.7590949088335037,-4.84205074608326,-6.304030865430832,-1.3592308124570467,2.386505235156067,0
GUIDED_NOGPS,8.779458284378052,29.373522326180737,-21.305962363646728,31.294337651715875,22.8610962840444,0.23698995737476014,-10.0,40.0,0.0,0.5032542077403575,-0.7652563689597855,22.721034085397616,0.8176154959098084,-1.527603948110449,0.08600334039604368,0.44177363839016043,-27.666223764358524,30.838026018535153,23.750622983446668,-2.7590949088335037,-4.84205074608326,-6.304030865430832,-1.3592308124570467,2.386505235156067,0
GUIDED_NOGPS,8.81504774093628,28.104987369084075,-21.426028933160772,31.248236762488624,22.833846109993914,0.5099011988740156,-10.0,40.0,0.0,0.6283621424372463,-0.8583913877390514,22.653546693756013,0.7508287734327127,-1.2868718998629174,1.8314285977106524,0.44179545876287324,-27.666223764358524,30.838026018535153,23.750622983446668,4.870809242129326,-2.384978160262108,-6.259341537952423,-1.3592308124570467,19.555342150386963,0
GUIDED_NOGPS,8.847259283065796,31.051667592078473,-21.482916496661577,31.222961823162255,23.014939726452603,0.4537536744308741,-10.0,40.0,0.0,0.4794291205331778,-0.6929988372348687,22.622740833051964,0.7180548513566348,-1.1819073786451049,-0.07621820324009543,0.44140360515114013,-27.666223764358524,30.838026018535153,23.750622983446668,8.639880269765854,-1.0326097719371319,6.889379769563675,-1.3592308124570467,-0.734272549811345,0
GUIDED_NOGPS,8.881806135177612,28.95419025265774,-21.692809831436,31.16743155682732,23.11800714491043,0.39739000950770587,-10.0,40.0,0.0,0.5119294551207728,-0.7509837815545448,22.610987785037665,0.7778980713849394,-1.5066767784228785,-0.09062109317893571,0.4411657913495082,-27.666223764358524,30.838026018535153,23.750622983446668,-0.6490187719464302,-2.8605859726667404,2.6570791378617287,-1.3592308124570467,-0.1635311638727956,0
GUIDED_NOGPS,8.914515972137451,30.576523247845802,-21.86091927030584,31.138370327988664,23.254451565021206,0.37280827315803305,-10.0,40.0,0.0,0.6071735616105445,-0.7736293271085749,22.588480604175178,0.7312319644898775,-1.450938488827617,0.07449128583271603,0.4408622505511204,-27.666223764358524,30.838026018535153,23.750622983446668,1.466235425323248,-1.1877353303134441,4.688117653131485,-1.3592308124570467,1.505211155912905,0
GUIDED_NOGPS,8.948758125305176,29.21027926735845,-22.090656963513602,31.10203713797591,23.369624166365405,0.26519289354663755,-10.0,40.0,0.0,0.6691491506745064,-0.7252438935022344,22.638286343602914,0.7436295149626039,-1.5852322503324359,-0.46875289164880635,0.4405998613078187,-27.666223764358524,30.838026018535153,23.750622983446668,-2.444101497530937,-1.643531396985054,3.7641018629074097,-1.3592308124570467,-3.3538149815466674,0
GUIDED_NOGPS,8.982507705688477,29.634394319426292,-22.315927145032543,31.065879079300316,23.482256220262933,0.1580674053424397,-10.0,40.0,0.0,0.6373014726786179,-0.7623889701688495,22.662743543473436,0.7442935367554755,-1.6046833634077413,-0.5391789501410675,0.44034285623830377,-27.666223764358524,30.838026018535153,23.750622983446668,-2.444101497530937,-1.643531396985054,3.7641018629074097,-1.3592308124570467,-3.3538149815466674,0
GUIDED_NOGPS,9.016237497329712,29.653879328629404,-22.539230928369648,31.046309440962236,23.434689929530848,0.07999169237019435,-10.0,40.0,0.0,0.7053423764472568,-0.6883909675051959,22.69113834740047,0.7122566614231256,-1.6263808195594653,-0.41841472546412084,0.44040660559657785,-27.666223764358524,30.838026018535153,23.750622983446668,-2.4718839675188065,-0.5850366316735744,-6.016145646572113,-1.3592308124570467,-1.579632470222541,0
GUIDED_NOGPS,9.049551963806152,30.05829194705423,-22.72717450429923,31.03570419066072,23.524146388485125,0.05299328724417192,-10.0,40.0,0.0,0.7189313579661145,-0.6339604429574238,22.692934687152185,0.6951028390421256,-1.5712211437556456,-0.129984013100803,0.44019628634950275,-27.666223764358524,30.838026018535153,23.750622983446668,-0.3287863451987505,-0.026261029415763915,2.8095684945583344,-1.3592308124570467,1.5247987510703265,0
GUIDED_NOGPS,9.084091663360596,28.954390131092993,-22.934361701682157,31.005679191949877,23.57900199018806,-0.0027634020088853767,-10.0,40.0,0.0,0.6764833864609249,-0.7429319490184518,22.706038405074853,0.7315898085282616,-1.6143391165483127,-0.3227847212751634,0.4400538232841444,-27.666223764358524,30.838026018535153,23.750622983446668,-1.7336660996079445,-1.3012003153562546,0.9140003472566605,-1.3592308124570467,-0.2406420786115355,0
GUIDED_NOGPS,9.117156267166138,30.250802374306712,-23.143134962015285,30.977364278405243,23.55636421954121,0.09723298769233488,-10.0,40.0,0.0,0.6020706098877516,-0.7622986302449056,22.740481341511934,0.736582789820418,-1.6589165191915907,0.6665185235334896,0.4400681138368919,-27.666223764358524,30.838026018535153,23.750622983446668,-2.1261749789118767,-1.1956837028265,-3.8536373525857925,-1.3592308124570467,9.097099073462363,0
GUIDED_NOGPS,9.150338411331177,30.142754477247248,-23.27843116290854,30.966707441237975,23.604475244515616,0.05836960650535038,-10.0,40.0,0.0,0.6309710612567796,-0.70527247372997,22.813513139212297,0.7011315187494719,-1.5116778018114125,-0.19818710230052505,0.4399404230101653,-27.666223764358524,30.838026018535153,23.750622983446668,2.6854347437620163,-0.11225328780710697,1.0163205675780773,-1.3592308124570467,0.7292396608883976,0
GUIDED_NOGPS,9.185221910476685,28.671160024608653,-23.471086307253177,30.952567541644953,23.65280281520851,0.029032352580846993,-10.0,40.0,0.0,0.6619873771646306,-0.638348839499157,22.832825499090507,0.7072733486502008,-1.6322812643869813,-0.15084286493985868,0.43981077612295516,-27.666223764358524,30.838026018535153,23.750622983446668,-1.4789856970310211,-0.3513953182846308,1.0899649932980537,-1.3592308124570467,1.2142513938510031,0
GUIDED_NOGPS,9.218024492263794,30.494270924213343,-23.659846889012844,30.93890388877243,23.698782651343535,0.00029089013866741287,-10.0,40.0,0.0,0.6934448272433293,-0.7265869328086411,22.809186214373096,0.7084664990748744,-1.666923623263007,-0.17546150634293373,0.4396877914893004,-27.666223764358524,30.838026018535153,23.750622983446668,-1.4789856970310211,-0.3513953182846308,1.0899649932980537,-1.3592308124570467,1.2142513938510031,0
GUIDED_NOGPS,9.25628924369812,26.13729497980956,-23.798863097743283,30.92573058257495,23.797656421348588,-0.011907306404606154,-10.0,40.0,0.0,0.7326873055936673,-0.599602030111321,22.78962626013747,0.7045912187890175,-1.5303047139109918,-0.07084168290682895,0.4394535854501624,-27.666223764358524,30.838026018535153,23.750622983446668,1.5819815918803215,-0.3705637762323022,4.70052994787693,-1.3592308124570467,2.2663560177966073,0
GUIDED_NOGPS,9.290329933166504,29.382164623467602,-23.92685583594293,30.91914442691889,23.900449347628424,-0.16939523040297874,-10.0,40.0,0.0,0.6924240874883827,-0.5912097553337851,22.789627967684762,0.6913881049727306,-1.556314659268569,-1.0379398917578826,0.4392158387852052,-27.666223764358524,30.838026018535153,23.750622983446668,1.9478097558021545,0.12100986205041409,4.390138760209084,-1.3592308124570467,-6.8806796359047775,0
GUIDED_NOGPS,9.322569847106934,31.023188041331668,-24.052436079379493,30.904676728421478,24.01028396072199,-0.2652621779332237,-10.0,40.0,0.0,0.7664826547200673,-0.6320893980116634,22.84340546211486,0.7061070926815989,-1.5722937847483174,-0.7468653076279821,0.4389648370928376,-27.666223764358524,30.838026018535153,23.750622983446668,1.93317960947752,-0.4850636702030897,5.4848771542310715,-1.3592308124570467,-2.887301962177395,0
GUIDED_NOGPS,9.356427192687988,29.542761350669842,-24.247323040749222,30.896033406366993,23.922659354933113,-0.28267150140010655,-10.0,40.0,0.0,0.7368727174510042,-0.6819931079653038,22.890376673037036,0.6935113259265775,-1.7237018028986213,-0.2724161066839441,0.4391076797814222,-27.666223764358524,30.838026018535153,23.750622983446668,-2.920612134039402,-0.1467667520046234,-6.5305836498737335,-1.3592308124570467,1.820234314750997,0
GUIDED_NOGPS,9.390279769897461,29.545258590326988,-24.382301767825727,30.8851011329335,23.93214274883133,-0.34630520868878895,-10.0,40.0,0.0,0.7677760684332856,-0.6447602526956834,22.86193405778581,0.6976833352597781,-1.6129425177326147,-0.5832795630018603,0.43905626760531924,-27.666223764358524,30.838026018535153,23.750622983446668,0.7696600165218115,-0.30862700659781694,-0.41012736037373543,-1.3592308124570467,-1.0740600535891989,0
GUIDED_NOGPS,9.424829721450806,28.950992572958945,-24.528304856777307,30.852990292898195,23.968693264942488,-0.2871499395509195,-10.0,40.0,0.0,0.7182863319763715,-0.6382593533488593,22.848910594585888,0.7414586236076062,-1.643911596723098,0.17124567811432315,0.43895014817667416,-27.666223764358524,30.838026018535153,23.750622983446668,-0.2243647351861,-1.6767557710409164,1.377065945416689,-1.3592308124570467,6.2846867204395735,0
GUIDED_NOGPS,9.458281517028809,29.899088977915913,-24.67666813767357,30.838742320017587,23.987498774852984,-0.21428585028445893,-10.0,40.0,0.0,0.7381170391795631,-0.6514732614327481,22.82158300771667,0.7117730188628175,-1.6698187100995976,0.30646950943326867,0.43888039623821334,-27.666223764358524,30.838026018535153,23.750622983446668,-0.6791090592741966,-0.5667912773787975,0.38268889766186476,-1.3592308124570467,6.98542144060057,0
GUIDED_NOGPS,9.507734537124634,20.22364944357654,-24.852349181171714,30.81798634273777,24.022136755276595,-0.37441857975509873,-10.0,40.0,0.0,0.7228644263501312,-0.6583572917033276,22.873210700105503,0.7141215229605015,-1.6777953576833704,-1.0052710313370463,0.4387716979627905,-27.666223764358524,30.838026018535153,23.750622983446668,-2.7911175042390823,-1.0230428539216518,1.5779536217451096,-1.3592308124570467,-7.123102686342394,0
GUIDED_NOGPS,9.529475927352905,46.008841306231695,-25.023507842975235,30.797760430994494,24.06129906489363,-0.5351750172060724,-10.0,40.0,0.0,0.7319223777674788,-0.6442857146309261,22.855648576202107,0.7219000956339007,-1.8044379194991538,-1.417464959309609,0.4386651489727432,-27.666223764358524,30.838026018535153,23.750622983446668,-2.7911175042390823,-1.0230428539216518,1.5779536217451096,-1.3592308124570467,-7.123102686342394,0
GUIDED_NOGPS,9.56244158744812,30.341838174123776,-25.13534238950899,30.785460009400904,24.098033461541895,-0.4986112283626588,-10.0,40.0,0.0,0.7199685328637516,-0.6534808568010558,22.881249832758606,0.7044809791511372,-1.6374500696422132,-0.08265951119777126,0.4385591227290912,-27.666223764358524,30.838026018535153,23.750622983446668,0.3124126233160496,-0.7485705427825451,2.62848436832428,-1.3592308124570467,4.642548734523014,0
GUIDED_NOGPS,9.595823287963867,29.96573551475316,-25.273149826690297,30.778508695620108,24.10643434113048,-0.5520435775117483,-10.0,40.0,0.0,0.7116647837411615,-0.6495437863530724,22.88434390845262,0.6928692425126611,-1.7076568952082294,-0.6510040054402109,0.4385100970149285,-27.666223764358524,30.838026018535153,23.750622983446668,-1.5228654257953167,-0.30477638356387615,0.5107153207063675,-1.3592308124570467,-0.8639983860782501,0
GUIDED_NOGPS,9.62822699546814,30.86270989389413,-25.39473076625246,30.76305155781511,24.12527155485854,-0.5798340232468724,-10.0,40.0,0.0,0.7356956303970877,-0.6480299389565625,22.861140048294796,0.7109800923682744,-1.6928719026450938,-0.5190414282247762,0.43844108225434064,-27.666223764358524,30.838026018535153,23.750622983446668,-0.5316863767802715,-0.8118880912661552,0.9850720874965191,-1.3592308124570467,0.6279064407535595,0
GUIDED_NOGPS,9.662396907806396,29.272252697402397,-25.507498872663263,30.742895819376717,24.131974630207537,-0.5850872698250442,-10.0,40.0,0.0,0.7246004149772252,-0.6383162360180408,22.881519625230823,0.7202294534899687,-1.6728832061152998,-0.3818495764060126,0.4383947455376383,-27.666223764358524,30.838026018535153,23.750622983446668,-0.21155951544642448,-1.1643001809716225,0.2922670915722847,-1.3592308124570467,1.936839517704866,0
GUIDED_NOGPS,9.695362329483032,30.341618681096097,-25.62037708255125,30.731901943409618,24.156774226641062,-0.5863539633541976,-10.0,40.0,0.0,0.7163916481727806,-0.6475747708814046,22.896749239532657,0.7043195322060081,-1.6916383786919391,-0.3594998629803274,0.4383133031817849,-27.666223764358524,30.838026018535153,23.750622983446668,-0.39948797784745693,-0.5492351017892361,1.4725368469953537,-1.3592308124570467,2.0996383572325894,0
GUIDED_NOGPS,9.732070922851562,27.246355723008964,-25.721566938898356,30.71257263238245,24.147507572614106,-0.5910003783847824,-10.0,40.0,0.0,0.733768129668969,-0.6440738186840971,22.877392483424842,0.7187911169797593,-1.6545136838428862,-0.37991092374430185,0.43829637343059336,-27.666223764358524,30.838026018535153,23.750622983446668,0.07204072317108512,-1.1481652036309242,-0.5786809138953686,-1.3592308124570467,1.8163776057474668,0
GUIDED_NOGPS,9.771992921829224,25.053783480276206,-25.83280406364611,30.693702236817643,24.16159239362082,-0.6871816041026378,-10.0,40.0,0.0,0.7137971901443806,-0.6465622486978031,22.90542699487316,0.7144052521995735,-1.6707908861872252,-0.9003896125932224,0.4382301135004919,-27.666223764358524,30.838026018535153,23.750622983446668,-0.7774715777486563,-1.1004646308720112,0.7463275920599699,-1.3592308124570467,-3.8847392461100987,0
GUIDED_NOGPS,9.799371004104614,36.53415791995122,-25.938985769809108,30.683802166763567,24.187362282298295,-0.7525009770935135,-10.0,40.0,0.0,0.7218467281637994,-0.6422507985059384,22.90759728748193,0.7043528448022616,-1.7504633876786166,-0.9201887238898603,0.4381516064805426,-27.666223764358524,30.838026018535153,23.750622983446668,-0.968187116086483,-0.6355819292366505,1.9175698980689049,-1.3592308124570467,-2.031496121204311,0
GUIDED_NOGPS,9.837236404418945,26.413824374023882,-26.025578512081555,30.670907124541007,24.18681333787768,-0.8161109016136768,-10.0,40.0,0.0,0.741194412926624,-0.6410475646341054,22.886548352007242,0.7043562672085413,-1.6552019511649507,-0.8304913451718318,0.43811659147262677,-27.666223764358524,30.838026018535153,23.750622983446668,-0.4895690828561783,-0.9959234856069088,0.5344134289771318,-1.3592308124570467,-2.0989608878442887,0
GUIDED_NOGPS,9.886544227600098,20.282816950447554,-26.124235157655,30.65376404849668,24.194705915971067,-0.8814435352852013,-10.0,40.0,0.0,0.7406404205519125,-0.6448413078312244,22.88670886145274,0.7041886044872614,-1.641538280588095,-0.7908339773303996,0.4380525346274909,-27.666223764358524,30.838026018535153,23.750622983446668,-0.4895690828561783,-0.9959234856069088,0.5344134289771318,-1.3592308124570467,-2.0989608878442887,0
GUIDED_NOGPS,9.907931089401245,46.77853741231054,-26.213566313563238,30.639879861023346,24.20740859757776,-0.9330516959903045,-10.0,40.0,0.0,0.7377735553695054,-0.6419690532026754,22.89314972984006,0.7211657197708715,-1.805187463939877,-1.0432441489169615,0.438006454611444,-27.666223764358524,30.838026018535153,23.750622983446668,-0.46334555372595787,-0.9385225363075733,0.17676244024187326,-1.3592308124570467,-0.857070706630006,0
GUIDED_NOGPS,9.941322803497314,29.950115321722613,-26.26606436892347,30.637351190904095,24.19157380892869,-0.9119418625193537,-10.0,40.0,0.0,0.7105983137352875,-0.6547616773529918,22.921189363930257,0.6877199215526363,-1.6263711758235186,-0.42104543919336457,0.43800573082388,-27.666223764358524,30.838026018535153,23.750622983446668,0.7279970683157444,-0.6207213271409273,0.1292022760026157,-1.3592308124570467,2.6162106868025314,0
GUIDED_NOGPS,9.97598385810852,28.8557865624613,-26.33301480186425,30.62824279250948,24.186861185958815,-0.8954351578980191,-10.0,40.0,0.0,0.7451121133850082,-0.6345066446476133,22.901207645513384,0.7007811902499269,-1.6583258153885698,-0.4419465021109232,0.437981646374206,-27.666223764358524,30.838026018535153,23.750622983446668,0.7279970683157444,-0.6207213271409273,0.1292022760026157,-1.3592308124570467,2.6162106868025314,0
GUIDED_NOGPS,10.009273290634155,30.046448987778845,-26.40969934004923,30.620810314618453,24.19106339516762,-0.9359535415981196,-10.0,40.0,0.0,0.7375895137878853,-0.6528216901852967,22.927392883243918,0.6973741882029728,-1.6935771631697885,-0.8073654471463504,0.437941339289596,-27.666223764358524,30.838026018535153,23.750622983446668,-0.16396567225456238,-0.522014545276761,0.7050651125609875,-1.3592308124570467,-0.9569134514219003,0
GUIDED_NOGPS,10.044759750366211,28.18525387737548,-26.47457256622169,30.609592820250423,24.191035591492323,-0.979310481801604,-10.0,40.0,0.0,0.7388535256711608,-0.6393079474690149,22.923730194301502,0.7043909301597303,-1.6715690439072797,-0.8432929544210477,0.4379085807571288,-27.666223764358524,30.838026018535153,23.750622983446668,0.3137732855975628,-0.8620935492217541,0.5575452465564013,-1.3592308124570467,-1.216583156400622,0
GUIDED_NOGPS,10.075641632080078,32.388948091862424,-26.54943347233333,30.598346986398557,24.217069848322282,-0.9500745812302627,-10.0,40.0,0.0,0.723225412519937,-0.6574704343282838,22.9372368933852,0.7066116290513407,-1.704787486339782,-0.391127879441312,0.43782485473240257,-27.666223764358524,30.838026018535153,23.750622983446668,-0.5322896409779787,-0.8606906048953533,2.1719757467508316,-1.3592308124570467,3.1789930880890176,0
GUIDED_NOGPS,10.110051393508911,29.066354356518666,-26.590573140259917,30.59459890951224,24.208511967128015,-0.9763267227962961,-10.0,40.0,0.0,0.7170895014068854,-0.6511828716713167,22.955803055096588,0.69229017747931,-1.6323271209815164,-0.7384004982969301,0.43780865428560417,-27.666223764358524,30.838026018535153,23.750622983446668,1.5779279172420502,-0.4031868651509285,0.0648519373498857,-1.3592308124570467,-0.3055105729541151,0
GUIDED_NOGPS,10.142727851867676,30.61133573691048,-26.658553690342774,30.581875025725285,24.233857119434383,-0.9628227436534432,-10.0,40.0,0.0,0.7457957726322441,-0.6442752559037596,22.935809383848667,0.7109405699466436,-1.7010307162219511,-0.494970983203751,0.43772631572507026,-27.666223764358524,30.838026018535153,23.750622983446668,-0.429835868999362,-1.0015876963734627,2.1757224574685097,-1.3592308124570467,2.082608988084455,0
GUIDED_NOGPS,10.177061080932617,29.131157105153495,-26.71120165053855,30.57874147024459,24.22520450847922,-0.9767571225848434,-10.0,40.0,0.0,0.720331173219997,-0.6478529943683768,22.96920730134274,0.6921483497440976,-1.6673227513813682,-0.6670047382966935,0.4377102609725447,-27.666223764358524,30.838026018535153,23.750622983446668,0.37296563386917114,-0.4176058806478977,0.11134606320410967,-1.3592308124570467,0.3370373921415717,0
GUIDED_NOGPS,10.209672451019287,30.66998157302056,-26.775137270226164,30.567745483990947,24.255265551081763,-0.9923301152421674,-10.0,40.0,0.0,0.7278577748810865,-0.6521587349489824,22.97787822649407,0.7080996575042142,-1.7040950698375066,-0.6908829505448529,0.43761849181887874,-27.666223764358524,30.838026018535153,23.750622983446668,-0.5158890970051289,-0.9263941086828709,2.4955661967396736,-1.3592308124570467,0.20121112972878744,0
GUIDED_NOGPS,10.245564222335815,27.865426521392507,-26.819905551222668,30.56693577262085,24.237525806624177,-0.9653966477683372,-10.0,40.0,0.0,0.7383104722712919,-0.6448057695031991,22.944657893918418,0.6895212276652181,-1.658031025596215,-0.42907961142876616,0.43761919199677624,-27.666223764358524,30.838026018535153,23.750622983446668,0.5413295701146126,-0.3214132972061634,-0.4005216993391514,-1.3592308124570467,2.743694246670115,0
GUIDED_NOGPS,10.278456449508667,30.4087116021779,-26.881353591701973,30.557881882256172,24.25333862122851,-1.0129297974759244,-10.0,40.0,0.0,0.7410955352662175,-0.6454804641271494,22.95319904547552,0.7047000515073315,-1.7091552918755886,-0.8988173769360552,0.43755587971705856,-27.666223764358524,30.838026018535153,23.750622983446668,-0.5162978079169989,-0.7752121891826391,1.5761269256472588,-1.3592308124570467,-1.8392333397010336,0
GUIDED_NOGPS,10.310941696166992,30.791114243345227,-26.927207806198805,30.552395344791027,24.238770995436276,-0.9996869945586878,-10.0,40.0,0.0,0.7326051298802156,-0.6372289019186865,22.966724527579437,0.6992023317675019,-1.6807817262359144,-0.5180578068691137,0.43755360486158706,-27.666223764358524,30.838026018535153,23.750622983446668,0.1078350585885346,-0.684024952352047,-0.13479709159582853,-1.3592308124570467,1.8308334876823873,0
GUIDED_NOGPS,10.345101356506348,29.280017871104658,-26.963070975299843,30.546354264905766,24.223412562054737,-1.0379849083982677,-10.0,40.0,0.0,0.7175332502595246,-0.6473604203353426,22.998983511029408,0.6995658133813133,-1.6587549750060913,-0.845292944109528,0.4375509663006748,-27.666223764358524,30.838026018535153,23.750622983446668,0.6196780130267143,-0.744276586920023,-0.16122062224894762,-1.3592308124570467,-1.342945498027266,0
GUIDED_NOGPS,10.388224124908447,23.194607119354536,-27.02000031069551,30.532846632884308,24.20988130715873,-1.0638673225856945,-10.0,40.0,0.0,0.7415304795781298,-0.6452324428829134,22.971881320402797,0.7087038274307896,-1.6848987878299846,-0.7590344042107379,0.4375365018876516,-27.666223764358524,30.838026018535153,23.750622983446668,-0.8669605478644371,-1.2051586993038654,-0.09023426100611687,-1.3592308124570467,-0.6063300866089009,0
STABILIZE,10.411436557769775,43.09585409709735,-27.069551609814415,30.52212079129946,24.234240437361795,-1.086447969042829,-10.0,40.0,0.0,0.7092179751927101,-0.6529120834700936,23.01562355939485,0.7173928720435206,-1.746587447283948,-0.8464072808613395,0.43746528012004005,-27.666223764358524,30.838026018535153,23.750622983446668,0.1207627123221755,-0.7457905914634466,1.9852697849273682,-1.3592308124570467,-0.3633375157883818,0
STABILIZE,10.445352554321289,29.489587288195178,-27.104409410247925,30.526706762744336,24.228686606904464,-1.1501909962691663,-10.0,40.0,0.0,0.7134921261484043,-0.660617017101544,23.029765466071364,0.6780928287717182,-1.6720641500442108,-1.0627021279920492,0.4374432270398191,-27.666223764358524,30.838026018535153,23.750622983446668,-0.3643100615590811,-0.4243075381964445,0.833481177687645,-1.3592308124570467,-3.0759537080438513,0
STABILIZE,10.48674726486206,24.162685930893044,-27.136841112059297,30.51409002714518,24.22471376165405,-1.1644578227861038,-10.0,40.0,0.0,0.7310569180944442,-0.6574715549061945,23.014464134783243,0.7077506228549689,-1.659996388155251,-0.7678695982759868,0.43741121489924706,-27.666223764358524,30.838026018535153,23.750622983446668,0.35326392389833927,-1.212312001734972,0.5492609459906816,-1.3592308124570467,0.01762807791756822,0
STABILIZE,10.512917280197144,38.221072007873296,-27.181858325694026,30.507297252178606,24.220112239761928,-1.2283702872826514,-10.0,40.0,0.0,0.73118642488441,-0.6528638452590804,23.01456658762079,0.7020794831925253,-1.7305092432508355,-1.2257252615128058,0.43739507794256044,-27.666223764358524,30.838026018535153,23.750622983446668,-0.6431200075894594,-0.8515482768416405,0.5228185094892979,-1.3592308124570467,-2.903509787634424,0
STABILIZE,10.550225496292114,26.808887070794878,-27.210327485899647,30.513494090969523,24.19617031209013,-1.2551416478007638,-10.0,40.0,0.0,0.7276546301141316,-0.6573607777755933,23.044901165272112,0.6748159725211884,-1.6660635012289344,-0.8962518799690568,0.4374067654738656,-27.666223764358524,30.838026018535153,23.750622983446668,-0.1367670949548483,-0.27419489342719316,-0.45250370167195797,-1.3592308124570467,-1.0492182286910394,0
STABILIZE,10.582892894744873,30.622733943212598,-27.25552331453368,30.511903014091207,24.212791782610193,-1.2198824185211508,-10.0,40.0,0.0,0.7343221754045334,-0.6533784573243585,23.028759720716078,0.6890974363742329,-1.7149863864670483,-0.5137718803909741,0.43734221582642463,-27.666223764358524,30.838026018535153,23.750622983446668,-0.8299707435071468,-0.5029286723583937,1.842777244746685,-1.3592308124570467,2.9308540230897466,0
STABILIZE,10.615588665008545,30.59235757058562,-27.266773193803605,30.50255529866202,24.194278992810702,-1.1705672470788198,-10.0,40.0,0.0,0.7418639315478439,-0.6492749543762089,23.038931579937522,0.7082361548756031,-1.6422060571461718,-0.402618097837933,0.43734739472090567,-27.666223764358524,30.838026018535153,23.750622983446668,1.207192800939083,-1.103334967046976,-0.3258096054196358,-1.3592308124570467,3.6707643604524085,0
STABILIZE,10.661766290664673,21.65841668517017,-27.293624558871866,30.50656952555071,24.18767108607656,-1.1376675492106352,-10.0,40.0,0.0,0.7367272557660242,-0.6572485599019641,23.043777599153643,0.6831691523764611,-1.6701320811455116,-0.5079080527033024,0.43732416857257506,-27.666223764358524,30.838026018535153,23.750622983446668,0.03682273381855339,-0.23609537165611982,0.4339182749390602,-1.3592308124570467,2.629309922413558,0
STABILIZE,10.691965579986572,33.119898926089704,-27.30005698360262,30.49788511427099,24.196430885580284,-1.2053806886098357,-10.0,40.0,0.0,0.7245657837836991,-0.6538051307040728,23.074761044776114,0.7044088071622887,-1.6342098812579289,-1.0735049761730293,0.4372692290266902,-27.666223764358524,30.838026018535153,23.750622983446668,1.3474373146891594,-1.073380745947361,1.401530858129263,-1.3592308124570467,-3.5348598176684334,0
STABILIZE,10.721128463745117,34.30081779522408,-27.34936919005493,30.489171044210632,24.186538512347134,-1.1904120054305527,-10.0,40.0,0.0,0.7173263168720144,-0.6585982693149821,23.080573535759797,0.7081198339017086,-1.7451512629571833,-0.6120069105683515,0.4372606851662897,-27.666223764358524,30.838026018535153,23.750622983446668,-1.3692201115190983,-0.8971026167273521,0.055990705732256174,-1.3592308124570467,1.5154554791725723,0
STABILIZE,10.754945755004883,29.574215747798313,-27.370070951452455,30.482607365830326,24.15993705902902,-1.2837519326412348,-10.0,40.0,0.0,0.7324318671908795,-0.6487234166007304,23.061853694792084,0.7008676278401352,-1.6733158693940755,-1.320847511491065,0.437281122337974,-27.666223764358524,30.838026018535153,23.750622983446668,0.003851158544421196,-1.0725900530815125,-0.7439521607011557,-1.3592308124570467,-5.1238713115601655,0
STABILIZE,10.78961443901062,28.850229051739554,-27.394230771388425,30.47406350411808,24.147857349372778,-1.2147903528210144,-10.0,40.0,0.0,0.7180591748256157,-0.6548069807170961,23.100087386218522,0.7070280540701722,-1.6812755271941568,-0.330406347764259,0.43727184820757603,-27.666223764358524,30.838026018535153,23.750622983446668,-0.09601141209714115,-1.0671558789908886,0.06448016501963139,-1.3592308124570467,4.716339536994893,0
STABILIZE,10.82854413986206,25.69157641985593,-27.3981543154568,30.47886641342597,24.143857630851315,-1.1668777021223105,-10.0,40.0,0.0,0.7303571438696352,-0.6531146946285197,23.099961027718876,0.6851214168020134,-1.6392132982480072,-0.45434731304527143,0.43724219447599294,-27.666223764358524,30.838026018535153,23.750622983446668,1.2010257691144943,-0.20349922124296427,0.5717809312045574,-1.3592308124570467,3.3723640677851296,0
STABILIZE,10.85801887512207,33.93477293505611,-27.43973059469163,30.473375227510484,24.136004633761836,-1.264852256667454,-10.0,40.0,0.0,0.7218477420200042,-0.660166758224852,23.108894915153254,0.7009359548071369,-1.736745859070595,-1.424603460863229,0.43722948235581405,-27.666223764358524,30.838026018535153,23.750622983446668,-1.378890499472618,-0.8599100634455681,0.30688769184052944,-1.3592308124570467,-5.4454144195695635,0
STABILIZE,10.891982793807983,29.44921186589433,-27.44706599852525,30.460620754808012,24.116074751224613,-1.2105180624604859,-10.0,40.0,0.0,0.7381320869400783,-0.6516672814938588,23.105491773399294,0.7177688989911972,-1.6536889844445286,-0.4066859707515653,0.43723654548644714,-27.666223764358524,30.838026018535153,23.750622983446668,0.6125609390437603,-1.5141740441322327,-0.371623900718987,-1.3592308124570467,3.711069306744654,0
STABILIZE,10.925398588180542,29.933870495792863,-27.463579571547722,30.457676510604827,24.099444411430074,-1.2462934985921261,-10.0,40.0,0.0,0.7154879287682232,-0.6606649885082927,23.10363225439776,0.6980680690273504,-1.6751637731841686,-0.9621697651604382,0.4372376347628259,-27.666223764358524,30.838026018535153,23.750622983446668,0.10141113307327032,-0.7445638068020344,-0.24451552890241146,-1.3592308124570467,-1.7496456970610903,0
STABILIZE,10.963839769363403,26.017318810014142,-27.47874533648774,30.45521117462516,24.082774180822852,-1.2819215900721206,-10.0,40.0,0.0,0.7292814957970639,-0.6574146722370129,23.116292010024377,0.6960921377243767,-1.6709941770963148,-0.9586386433759886,0.43723474986962424,-27.666223764358524,30.838026018535153,23.750622983446668,0.10141113307327032,-0.7445638068020344,-0.24451552890241146,-1.3592308124570467,-1.7496456970610903,0
STABILIZE,10.992729187011719,34.621608459144674,-27.486595573296547,30.453661658281142,24.068126224967592,-1.3732114552392443,-10.0,40.0,0.0,0.7330600311511091,-0.6590390833207124,23.137622690802328,0.693075843972824,-1.6633978256333706,-1.4375101603468725,0.4372353986386407,-27.666223764358524,30.838026018535153,23.750622983446668,0.5619590636342764,-0.6641818676143885,-0.13743892777711153,-1.3592308124570467,-5.107421654717836,0
STABILIZE,11.027491807937622,28.773634997839046,-27.516262462110557,30.458928102045036,24.062043048234113,-1.4133777277764896,-10.0,40.0,0.0,0.7225614434274177,-0.6530370545875637,23.132088530027325,0.6772190331299739,-1.7089585437620587,-1.0832289787385032,0.43721469176234773,-27.666223764358524,30.838026018535153,23.750622983446668,-1.1193934828042984,-0.3691072575747967,0.42462656274437904,-1.3592308124570467,-2.1596594983377226,0
STABILIZE,11.059487104415894,31.260650508302774,-27.534691570960803,30.455430030853947,24.05847890963556,-1.4436588188458739,-10.0,40.0,0.0,0.7263357632740844,-0.652201423631295,23.135882700111267,0.6942714837165757,-1.6905963313493546,-1.0519950958595963,0.43719045221361585,-27.666223764358524,30.838026018535153,23.750622983446668,-0.3017057431861758,-0.8376010693609715,0.5355014465749264,-1.3592308124570467,-1.4722740627443995,0
STABILIZE,11.093566179275513,29.347009886580697,-27.55472240174537,30.447750042083584,24.038621727889062,-1.4346862960308617,-10.0,40.0,0.0,0.7276282164919506,-0.6522507824202188,23.151592135202296,0.7029254025952764,-1.694518482966048,-0.8081145125909712,0.437197423005801,-27.666223764358524,30.838026018535153,23.750622983446668,-0.4913504235446453,-1.1400043033063412,-0.5070392042398453,-1.3592308124570467,0.8480271092820859,0
STABILIZE,11.127137660980225,30.08567411700571,-27.562362211315737,30.445787021423627,24.034230089909318,-1.4345119695971282,-10.0,40.0,0.0,0.7235995254595539,-0.6570203888950034,23.159952286746393,0.693093144991013,-1.6703202951786926,-0.8596550361653996,0.43717434908140745,-27.666223764358524,30.838026018535153,23.750622983446668,0.33211340196430683,-0.7331672590225935,0.4528242629021406,-1.3592308124570467,0.3023053732839544,0
STABILIZE,11.16980504989624,23.43592465734289,-27.555664834746246,30.445765524487285,24.02999787967299,-1.445395020566149,-10.0,40.0,0.0,0.7255118183445988,-0.6502653851667136,23.164864900306924,0.6899350371763816,-1.6425728812494251,-0.9208880322049562,0.4371438178306154,-27.666223764358524,30.838026018535153,23.750622983446668,1.2021933682262897,-0.6460896693170071,0.4495001398026943,-1.3592308124570467,-0.4511891698012312,0
STABILIZE,11.200979709625244,32.08371452612254,-27.569136427558437,30.444811995453026,24.028028390191853,-1.4380552908067543,-10.0,40.0,0.0,0.7277854709254196,-0.6551377112833128,23.17041101391297,0.6912152695464664,-1.6837476265007005,-0.819182214350841,0.43711543509486683,-27.666223764358524,30.838026018535153,23.750622983446668,-0.02477096568327397,-0.5188461858779192,0.53289202041924,-1.3592308124570467,0.8045202983729857,0
STABILIZE,11.23437762260437,29.9477630056978,-27.582357704888786,30.438139889005186,24.03010851702377,-1.427463739445443,-10.0,40.0,0.0,0.7253159840144897,-0.653497398665452,23.18111904298426,0.7033271966116008,-1.685116131146408,-0.7932112481520011,0.4370790917256303,-27.666223764358524,30.838026018535153,23.750622983446668,-0.24990341626107693,-1.1161619797348976,0.8124080486595631,-1.3592308124570467,0.7585864224310037,0
STABILIZE,11.270447969436646,27.729835510657427,-27.5895443046077,30.441772348522125,24.02209620765618,-1.450195574282567,-10.0,40.0,0.0,0.728260435877,-0.6524549944042316,23.188242930288585,0.6834139714283403,-1.6723761296954844,-0.9968686401229235,0.43706065097209135,-27.666223764358524,30.838026018535153,23.750622983446668,0.11245571076869965,-0.45852349139750004,0.1676240237429738,-1.3592308124570467,-1.2757704808184849,0
STABILIZE,11.30230188369751,31.399661620925603,-27.597574977546003,30.43275355203743,24.023563014766374,-1.4298695521561025,-10.0,40.0,0.0,0.7312729761877987,-0.6541851666983605,23.193433874057792,0.7097093467943064,-1.6774680817038459,-0.7306425334418388,0.4370270255570654,-27.666223764358524,30.838026018535153,23.750622983446668,0.020007486455142498,-1.266771089285612,0.7403156254440546,-1.3592308124570467,1.303698590726138,0
STABILIZE,11.335756063461304,29.897383990305794,-27.605908324478584,30.432162808618433,24.02314581262496,-1.4371198250551764,-10.0,40.0,0.0,0.7292835235094738,-0.6540106767094078,23.200301629268242,0.6925377959636634,-1.678081595194587,-0.9054898028008246,0.43699561881465104,-27.666223764358524,30.838026018535153,23.750622983446668,-0.0772251223679632,-0.7903723046183586,0.627421960234642,-1.3592308124570467,-0.4198847052877703,0
STABILIZE,11.368165254592896,30.860666171244418,-27.610518372775292,30.435072299804464,24.023190454674502,-1.4454249766940632,-10.0,40.0,0.0,0.725059531755497,-0.6478106258511817,23.210135394125768,0.6854857711170917,-1.6713890348368534,-0.9184815663203907,0.4369643712938097,-27.666223764358524,30.838026018535153,23.750622983446668,0.1806487562134862,-0.504356948658824,0.6236966699361801,-1.3592308124570467,-0.47179072788528215,0
STABILIZE,11.402576923370361,29.066354356518666,-27.613912029232935,30.43073377626749,24.028685366430377,-1.4341351341203423,-10.0,40.0,0.0,0.7263756238311938,-0.6510492560956784,23.218738017385398,0.7004552435602569,-1.6693033341165031,-0.7948365200736113,0.4369203209914533,-27.666223764358524,30.838026018535153,23.750622983446668,0.21799139212816954,-0.9949862025678158,0.9609496220946312,-1.3592308124570467,0.687463128995132,0
STABILIZE,11.444933414459229,23.612853829351227,-27.618420644332147,30.431901772186674,24.03084500540316,-1.4337684068514631,-10.0,40.0,0.0,0.7255246249492925,-0.6532129319586915,23.228800593580118,0.6906348516491763,-1.6705337328673295,-0.8585275383651516,0.4368753314535819,-27.666223764358524,30.838026018535153,23.750622983446668,0.1352852093987167,-0.6031177472323179,0.721399113535881,-1.3592308124570467,0.027855939354118526,0
STABILIZE,11.478672981262207,29.646124159769293,-27.63121376684632,30.433070912981883,24.027388836763052,-1.44021286931399,-10.0,40.0,0.0,0.72449694828347,-0.6541765222401922,23.237577386663585,0.689609896673781,-1.6912338856246345,-0.9023089723786109,0.4368497998866471,-27.666223764358524,30.838026018535153,23.750622983446668,-0.45583159662783146,-0.6349629256874323,0.3731280332431197,-1.3592308124570467,-0.4105364708306971,0
STABILIZE,11.504862546920776,38.192533236204696,-27.629864727862135,30.429363217143628,24.019154638341234,-1.437089844942695,-10.0,40.0,0.0,0.7269934891468155,-0.6524170014769735,23.233892499606366,0.7023924129085869,-1.661557347348276,-0.8383090512176987,0.43684120656464703,-27.666223764358524,30.838026018535153,23.750622983446668,0.44295270927250385,-0.9588202461600304,0.07008046959526837,-1.3592308124570467,0.1587587559532343,0
STABILIZE,11.544639825820923,25.1440492533466,-27.626825078359126,30.435159554617165,24.014913797596332,-1.4339338878828414,-10.0,40.0,0.0,0.7201056702556807,-0.6511675037456842,23.25326462363981,0.683665713929305,-1.6595458471016877,-0.844520675296958,0.43681140962196174,-27.666223764358524,30.838026018535153,23.750622983446668,0.40514455176889896,-0.5803646054118872,0.40680766105651855,-1.3592308124570467,0.06659669228515151,0
STABILIZE,11.576858043670654,31.043164189709277,-27.636660202838698,30.421086587120207,24.006769460573686,-1.453543031543739,-10.0,40.0,0.0,0.7266674543356532,-0.6488454528712915,23.256625076711458,0.7214371472086131,-1.6887099319555312,-0.9936047600505077,0.4367966968936682,-27.666223764358524,30.838026018535153,23.750622983446668,-0.2538528526201844,-1.443507056683302,-0.013567358837462962,-1.3592308124570467,-1.1836939812780123,0
STABILIZE,11.612072706222534,28.40553170163486,-27.655557516914886,30.414697744043114,24.007829854134865,-1.4385594120607335,-10.0,40.0,0.0,0.7168167740877609,-0.649901410789146,23.253587350078096,0.7056294867693692,-1.7066101234568647,-0.7777710339398066,0.4367608643214625,-27.666223764358524,30.838026018535153,23.750622983446668,-0.9792907163500786,-1.1629756540060043,0.6435221061110497,-1.3592308124570467,0.8404026971776477,0
STABILIZE,11.644937992095947,30.431877875001813,-27.670625800853884,30.41683950103897,23.96949103795758,-1.5805048398956494,-10.0,40.0,0.0,0.6845719312638068,-0.6164550416406513,23.223107630906913,0.6855104879095811,-1.7040577241252195,-1.8112718497986726,0.43680600098422195,-27.666223764358524,30.838026018535153,23.750622983446668,-0.709979236125946,-0.5548318382352591,-1.848229393362999,-1.3592308124570467,-8.700757710078511,0
STABILIZE,11.678638696670532,29.67737918347131,-27.65136341992824,30.424391677559637,24.109784835128114,-1.5343149550428552,-10.0,40.0,0.0,0.6352358207023651,-0.6080982518302879,23.262686869599847,0.6782067481700151,-1.6299402263984863,-0.6470455148793022,0.4364928444315762,-27.666223764358524,30.838026018535153,23.750622983446668,1.503684837371111,-0.2849918557330966,9.343058615922928,-1.3592308124570467,2.7421164729718424,0
STABILIZE,11.712105512619019,29.886306308874037,-27.63171458122735,30.422661443635114,24.121059080769427,-1.591487097800432,-10.0,40.0,0.0,0.6482387399739239,-0.7034717583883197,23.302061202617676,0.6948929762683728,-1.6286012512751447,-1.296520419889328,0.43643800228795887,-27.666223764358524,30.838026018535153,23.750622983446668,1.5132990665733814,-0.8610039949417114,1.2133761309087276,-1.3592308124570467,-3.5765098843403482,0
STABILIZE,11.746042490005493,29.472181233048047,-27.62518517818153,30.41924337579478,24.163581547414,-1.5823780586300997,-10.0,40.0,0.0,0.504673499705545,-0.78325984047744,23.279079323607878,0.6980637222091072,-1.6560365125720407,-0.8957372026148839,0.4363201604066851,-27.666223764358524,30.838026018535153,23.750622983446668,0.6222904659807682,-0.9708939120173454,3.187347948551178,-1.3592308124570467,0.4431495035395973,0
STABILIZE,11.778544902801514,30.77349298585432,-27.590024998165948,30.410014516056215,24.107498353816588,-1.4449236588564407,-10.0,40.0,0.0,0.5491895777862205,-0.7684703464902468,23.26045339774125,0.7164867643935241,-1.5896914040327041,-0.021243017035492917,0.4364009810408486,-27.666223764358524,30.838026018535153,23.750622983446668,2.506754547357559,-1.3514862395823002,-2.9773367568850517,-1.3592308124570467,8.227164345860874,0
STABILIZE,11.812958478927612,29.063131855567953,-27.59934196845032,30.387174934983157,24.094824367296777,-1.4601535379039683,-10.0,40.0,0.0,0.5519769352978203,-0.857120012058077,23.26006236941127,0.7403280774995937,-1.6864987290681568,-0.9647854978341045,0.4363932296974709,-27.666223764358524,30.838026018535153,23.750622983446668,-0.4584520123898983,-2.239842899143696,-0.2023042645305395,-1.3592308124570467,-1.144873000304658,0
STABILIZE,11.846231937408447,30.060446215482084,-27.60864855861404,30.36383936820182,24.08244214322922,-1.4756601757144778,-10.0,40.0,0.0,0.5427609823950632,-0.7943031357874399,23.131955341338507,0.7440795894882631,-1.6886117183356362,-0.9784453385901095,0.4363858874687237,-27.666223764358524,30.838026018535153,23.750622983446668,-0.4584520123898983,-2.239842899143696,-0.2023042645305395,-1.3592308124570467,-1.144873000304658,0
STABILIZE,11.881465196609497,28.389189335535356,-27.572064109336193,30.34712384995917,24.096673668862703,-1.3709711669780993,-10.0,40.0,0.0,0.5390473871989861,-0.8675324220043499,23.016772738722707,0.7363531396915213,-1.5916698930213213,-0.22666292371024654,0.4363235586928432,-27.666223764358524,30.838026018535153,23.750622983446668,2.58667916059494,-1.8580934032797813,1.5010800212621689,-1.3592308124570467,6.18078588278534,0
STABILIZE,11.913505792617798,31.217839173538955,-27.53100283227403,30.33313453669413,24.080515219456835,-1.4337653128488228,-10.0,40.0,0.0,0.502559556157426,-0.7924954301740609,22.839346622200576,0.7337819891846186,-1.572481438693952,-1.2515498387301807,0.4363249601505344,-27.666223764358524,30.838026018535153,23.750622983446668,2.846314385533333,-1.6089463606476784,-0.4459898453205824,-1.3592308124570467,-4.057911435439778,0
STABILIZE,11.94704818725586,29.81852823454973,-27.537609035101884,30.284824748775055,24.168899013037144,-1.2404638838012219,-10.0,40.0,0.0,0.4449131864493415,-0.787775342570759,22.698132461110564,0.8059022354824763,-1.6758080902972785,0.40776918174050836,0.4361157502714094,-27.666223764358524,30.838026018535153,23.750622983446668,-0.2755431458353996,-3.9435364305973053,6.173462048172951,-1.3592308124570467,11.605614965970132,0
STABILIZE,11.980985403060913,29.471767053599034,-27.488391088969664,30.271378870034027,24.11791714628778,-1.066056731350588,-10.0,40.0,0.0,0.41391394601441556,-0.8922005039654972,22.548177365430227,0.7466564796193119,-1.5527912499715393,0.3884411462141062,0.43618498225677305,-27.666223764358524,30.838026018535153,23.750622983446668,3.4117475152015686,-1.6438130289316177,-2.6131974533200264,-1.3592308124570467,10.405557558988061,0
STABILIZE,12.013893365859985,30.39350724637681,-27.422424325903478,30.23954165260096,24.195457409469483,-1.029091536707942,-10.0,40.0,0.0,0.37441853722137547,-0.8104847610656993,22.469843633386642,0.788123754196701,-1.5088503875377584,-0.39301151121912486,0.4359980223434622,-27.666223764358524,30.838026018535153,23.750622983446668,4.5228298753499985,-2.8459403663873672,5.464694648981094,-1.3592308124570467,1.9993769431889143,0
STABILIZE,12.05213189125061,26.156365563905087,-27.394702994048572,30.218955396077913,24.157417259233917,-0.9485940511487997,-10.0,40.0,0.0,0.5259050360188238,-0.7938739544476399,22.35769704985691,0.7627966306197228,-1.5946766480529477,-0.14785767953268214,0.4360371766128614,-27.666223764358524,30.838026018535153,23.750622983446668,2.0018598064780235,-2.176348865032196,-1.756010763347149,-1.3592308124570467,4.793886943510278,0
STABILIZE,12.08143925666809,34.12750099673721,-27.334289309972537,30.194220685396196,24.126238560462557,-0.9374194158460297,-10.0,40.0,0.0,0.3960618859168385,-0.8874020826301516,22.274186034422456,0.7866734561897504,-1.4961566461040734,-0.48611706339032357,0.4360712792513646,-27.666223764358524,30.838026018535153,23.750622983446668,3.9320480078458786,-2.141605317592621,-1.440875418484211,-1.3592308124570467,0.2347693965857939,0
STABILIZE,12.113986492156982,30.72952795422409,-27.29044312564751,30.174506681151552,24.062504288824393,-0.9067647210910758,-10.0,40.0,0.0,0.4184022073923337,-0.8401238867212937,22.085809417113506,0.7729595137368216,-1.5419567098778337,-0.3554036515862007,0.4361674683473515,-27.666223764358524,30.838026018535153,23.750622983446668,3.331204503774643,-2.436193637549877,-3.2082684338092804,-1.3592308124570467,2.227716357001376,0
STABILIZE,12.149214029312134,28.39245630423893,-27.243604375017696,30.150966336965542,24.000317937956666,-0.8725387661212027,-10.0,40.0,0.0,0.4300584321390629,-0.842570641908892,21.93454463265982,0.7798469543975165,-1.5393403274158173,-0.3295719118686018,0.43625795899318753,-27.666223764358524,30.838026018535153,23.750622983446668,3.331204503774643,-2.436193637549877,-3.2082684338092804,-1.3592308124570467,2.227716357001376,0
STABILIZE,12.187108039855957,26.395207169108392,-27.210303982292107,30.128016241538496,23.958204601479395,-0.8539302406583194,-10.0,40.0,0.0,0.3024162571362613,-0.8577703741331092,21.771473866225765,0.7795525216505459,-1.5653840031610784,-0.4101210890610029,0.43630729993052186,-27.666223764358524,30.838026018535153,23.750622983446668,2.377716638147831,-2.3241952061653137,-1.9398674368858337,-1.3592308124570467,1.1564987293239604,0
STABILIZE,12.2171790599823,33.260673729619995,-27.20429722857131,30.100084001806554,23.958371319341904,-0.7702787409553046,-10.0,40.0,0.0,0.19608224463148965,-0.8664686200411204,21.62521048779182,0.7999817984495436,-1.6150524494089777,0.06760440933767697,0.4362767020791527,-27.666223764358524,30.838026018535153,23.750622983446668,0.5687320604920387,-2.6041852310299873,0.701205525547266,-1.3592308124570467,5.0981253403706255,0
STABILIZE,12.250955581665039,29.611798676955445,-27.159715787849702,30.101874292985496,23.884947378937163,-0.7270966181450857,-10.0,40.0,0.0,0.25541377675428967,-0.7816774777458185,21.589095862555375,0.7414131226144494,-1.5308965893768813,-0.18028297151400147,0.43639131547663973,-27.666223764358524,30.838026018535153,23.750622983446668,3.4226492047309875,-1.0070639662444592,-3.9333630353212357,-1.3592308124570467,3.08969370077639,0
STABILIZE,12.283995151519775,30.272199086270238,-27.152937408170597,30.09105260259561,23.856755035323154,-0.8171886648176476,-10.0,40.0,0.0,0.41275628231095124,-0.7732207430579907,21.58681970201447,0.7636194283466987,-1.6103751639853943,-1.0343525782575536,0.4364160950415974,-27.666223764358524,30.838026018535153,23.750622983446668,0.8328106254339218,-1.7203044146299362,-1.1122601106762886,-1.3592308124570467,-5.110502923807158,0
STABILIZE,12.324491739273071,24.697364392208588,-27.15767430129479,30.08522513376066,23.9107598564275,-0.8736884774948974,-10.0,40.0,0.0,0.4497205724079727,-0.8735991240912021,21.586042767996382,0.7506262634903663,-1.6344847120668455,-0.8069213685061953,0.4362698564959195,-27.666223764358524,30.838026018535153,23.750622983446668,0.14044693671166897,-1.4491777867078781,3.9645522832870483,-1.3592308124570467,-2.922833033126625,0
STABILIZE,12.352274656295776,36.00415468475042,-27.165502814791317,30.072490040935023,23.855806638377878,-0.8680959786316365,-10.0,40.0,0.0,0.3401176473746888,-0.8842641443150597,21.583857107461977,0.7716317204904988,-1.6469118572242958,-0.4811883126892162,0.4363528577620658,-27.666223764358524,30.838026018535153,23.750622983446668,-0.03915646520908922,-1.8875816836953163,-2.863908000290394,-1.3592308124570467,0.612599026328209,0
STABILIZE,12.385021924972534,30.54134506160254,-27.17926307788304,30.066894022887414,23.803272944007276,-0.8725612673149066,-10.0,40.0,0.0,0.21228526761175817,-0.8197603714019882,21.584533296189807,0.7537028129366102,-1.6582508778293614,-0.5507499220517643,0.4364266789511574,-27.666223764358524,30.838026018535153,23.750622983446668,-0.03915646520908922,-1.8875816836953163,-2.863908000290394,-1.3592308124570467,0.612599026328209,0
STABILIZE,12.419483184814453,29.02311162777824,-27.24152606048562,30.051536186008587,23.829309877491752,-0.8281470907292381,-10.0,40.0,0.0,0.16717691074442215,-0.7917054227470137,21.579400409028544,0.7727672526531947,-1.7610585303434154,-0.23915920281887143,0.4363417532447806,-27.666223764358524,30.838026018535153,23.750622983446668,-3.568458929657936,-2.1662844344973564,2.160022035241127,-1.3592308124570467,3.372002067759119,0
STABILIZE,12.454356908798218,28.683708779560405,-27.167115029415882,30.052163434827467,23.84377115615436,-0.75481562754518,-10.0,40.0,0.0,0.03479634536577707,-0.799340560382883,21.558616143384196,0.7488109537579367,-1.4753044250974823,-0.025880561646158595,0.4362800726072327,-27.666223764358524,30.838026018535153,23.750622983446668,5.576811730861664,-1.0947640985250473,1.3985702767968178,-1.3592308124570467,5.065789517292493,0
STABILIZE,12.486409902572632,31.203207879838416,-27.12798087028975,30.054940079143094,23.806316672484044,-0.7487823276109988,-10.0,40.0,0.0,-0.12236710784900968,-0.7211929509941821,21.592685126964216,0.7437835564234894,-1.5394772430673977,-0.412177347570087,0.4363240033670709,-27.666223764358524,30.838026018535153,23.750622983446668,3.262132406234741,-1.0500822216272354,-1.9302504137158394,-1.3592308124570467,1.0465711035008363,0
STABILIZE,12.519466161727905,30.257567450584332,-27.084461941481024,30.029563056868724,23.8775109368803,-0.7815216696787325,-10.0,40.0,0.0,-0.24468629765212352,-0.7522696180266526,21.655708989983218,0.8010111872801358,-1.5285432185765555,-0.6684520081603209,0.4361502732369513,-27.666223764358524,30.838026018535153,23.750622983446668,3.6259591579437256,-2.955717220902443,4.900390654802322,-1.3592308124570467,-1.1985236026265793,0
STABILIZE,12.573664903640747,18.453129193339052,-27.09441460099698,29.98910605080929,23.88390313670827,-0.9547665976639969,-10.0,40.0,0.0,-0.20961044813890484,-0.7574930051944199,21.739481260153426,0.7960531053580238,-1.6381454362968224,-1.2093216026771816,0.43608547922927055,-27.666223764358524,30.838026018535153,23.750622983446668,0.0009825103916227818,-3.8859669119119644,0.7691431324928999,-1.3592308124570467,-9.771996041766847,0
STABILIZE,12.591465473175049,56.20206622090608,-27.011444617328564,29.93490116296054,23.92609359319857,-1.00242263614457,-10.0,40.0,0.0,-0.3218982244853855,-0.6316606969195394,21.82508914366307,0.9558724314838323,-1.2931149532141166,-1.1403912923604607,0.4359841728302549,-27.666223764358524,30.838026018535153,23.750622983446668,5.199328809976578,-3.606213256716728,2.8333213180303574,-1.3592308124570467,-2.2662456675528295,0
STABILIZE,12.626036882400513,28.931621750256944,-27.04778022413526,29.92357900819864,23.95714609432008,-1.0805133537241318,-10.0,40.0,0.0,-0.14320556143946903,-0.4214900131861348,22.30521216872724,0.7695700673267983,-1.696381484718813,-1.0983038344086822,0.4358888083062568,-27.666223764358524,30.838026018535153,23.750622983446668,-0.3807907924056053,-3.519812971353531,2.4882346391677856,-1.3592308124570467,-3.7362825231789327,0
STABILIZE,12.65861988067627,30.699388838060383,-27.046975282375428,29.88838038214044,23.89834878681953,-1.224303761114311,-10.0,40.0,0.0,0.22921223728319517,-0.14195462296515177,22.658947665842202,0.8211252708135962,-1.6247156793823445,-1.6467679316614148,0.43597626560687364,-27.666223764358524,30.838026018535153,23.750622983446668,0.7088396232575178,-3.4537725150585175,-3.414609283208847,-1.3592308124570467,-7.8454950825878536,0
STABILIZE,12.696845293045044,26.16289180675545,-27.032188147718088,29.879937496169976,23.855230886277553,-1.367124680582706,-10.0,40.0,0.0,0.6988322990337356,0.15342149672539826,23.032019428497467,0.7600284836168032,-1.5999227141907109,-1.5485265012978608,0.4360250745013834,-27.666223764358524,30.838026018535153,23.750622983446668,1.9434886053204536,-2.0799173042178154,-2.3708367720246315,-1.3592308124570467,-7.89046675563051,0
STABILIZE,12.724048137664795,36.76891787642892,-27.018532366897883,29.858098865754883,23.937971052292582,-1.5375264879290393,-10.0,40.0,0.0,1.2904248651261587,0.5116320217267599,23.568242212309535,0.7955325332753769,-1.593599256064854,-2.1753173759605287,0.43583354647649086,-27.666223764358524,30.838026018535153,23.750622983446668,1.4502078294754028,-2.3879360407590866,5.495796352624893,-1.3592308124570467,-9.156646370193828,0
STABILIZE,12.75920844078064,28.44965373162675,-27.034129210957175,29.86956659488243,24.09181741515833,-1.880139993036458,-10.0,40.0,0.0,1.7060126343740505,0.9152078894629794,24.16104628320599,0.7096966525377334,-1.6640218036132177,-3.0863642211169964,0.4354921336246921,-27.666223764358524,30.838026018535153,23.750622983446668,0.20562955178320408,-1.2142432853579521,10.12321263551712,-1.3592308124570467,-20.737984282532796,0
STABILIZE,12.799429655075073,24.866481298133074,-27.09705091911279,29.86671134350171,24.359367328858067,-2.157434601241532,-10.0,40.0,0.0,2.2325709139539627,0.9663143530407766,24.556811349378624,0.7249109328063862,-1.7762257171937321,-2.9688287785573717,0.43492476026532007,-27.666223764358524,30.838026018535153,23.750622983446668,-3.404048830270767,-1.5484797768294811,17.067106068134308,-1.3592308124570467,-16.00410481974931,0
STABILIZE,12.82603144645691,37.60055222368645,-27.157660758489545,29.86597450742441,24.55230348048278,-2.4149861921132865,-10.0,40.0,0.0,2.604207056223057,1.154827360689717,24.784499120455585,0.7131104004815249,-1.7773529111292472,-2.968608055526758,0.4345055980603846,-27.666223764358524,30.838026018535153,23.750622983446668,-3.121844306588173,-1.557985134422779,12.389495223760605,-1.3592308124570467,-15.127800086973137,0
STABILIZE,12.859272480010986,30.092149631946736,-27.291694617855175,29.860723757507863,24.793024879227783,-2.6258246828522553,-10.0,40.0,0.0,3.7712313205014185,1.8995930020569056,25.3902498149238,0.7082645751105521,-1.9504665513307033,-2.847148546442807,0.4339912700596642,-27.666223764358524,30.838026018535153,23.750622983446668,-8.067578822374344,-1.8292693421244621,15.284742414951324,-1.3592308124570467,-12.190179267406611,0
STABILIZE,12.891946792602539,30.60798493793466,-27.428070009179457,29.874182122651117,25.051548985130623,-2.6690540323584733,-10.0,40.0,0.0,4.228000221246021,2.2145784881328563,25.5977253486994,0.6680903921755713,-1.9702516383906012,-1.8652603050635375,0.43344138340353444,-27.666223764358524,30.838026018535153,23.750622983446668,-8.16793367266655,-0.6738338153809309,16.57652109861374,-1.3592308124570467,-2.372913585594565,0
STABILIZE,12.930131912231445,26.196717215879282,-27.62515166429322,29.9185870681857,25.35707313463044,-2.7095691990211095,-10.0,40.0,0.0,4.346837401954604,2.4896440798310215,25.851796432992824,0.6003831215495177,-2.0957693691271952,-1.8613798321224135,0.43279545636067307,-27.666223764358524,30.838026018535153,23.750622983446668,-12.221487611532211,1.3130596838891506,19.644008576869965,-1.3592308124570467,-2.5458360461327163,0
STABILIZE,12.960012674331665,33.478369145301876,-27.853211206980966,30.000171870811943,25.67869378126713,-2.759134132585741,-10.0,40.0,0.0,4.207495139583997,2.6558539585189314,26.02935573820377,0.5133337739895762,-2.189765783326963,-1.952117156482017,0.43211788990533373,-27.666223764358524,30.838026018535153,23.750622983446668,-14.219777286052704,3.7105418741703033,20.63242346048355,-1.3592308124570467,-3.209449541928339,0
STABILIZE,12.993514060974121,29.852697508896796,-28.05151959442921,30.127774852938437,25.99772997559929,-2.897361864172873,-10.0,40.0,0.0,3.831394614918653,2.665754317720865,26.13208349086805,0.4136519844829486,-2.1388763129637236,-2.559236179717085,0.43144479291833093,-27.666223764358524,30.838026018535153,23.750622983446668,-12.25365474820137,6.628642976284027,20.641744136810303,-1.3592308124570467,-8.875156345251032,0
STABILIZE,13.027517318725586,29.41575318928093,-28.342977497857042,30.26700299508548,26.34077879369948,-2.9040487740810037,-10.0,40.0,0.0,3.2355449199826074,2.4463857170529804,26.207678317054462,0.369172337077192,-2.3581668355346235,-1.7821988915591578,0.43072326353634854,-27.666223764358524,30.838026018535153,23.750622983446668,-18.564608693122864,7.331546396017075,22.483763098716736,-1.3592308124570467,-1.0945719654403934,0
STABILIZE,13.06935167312622,23.90734154126767,-28.05554954464909,30.260536826180722,26.35452040744263,-2.7502728674541372,-10.0,40.0,0.0,2.099847531775921,1.9747282845782193,26.34590768547718,0.7081844987026757,-1.2637020496209825,-0.9223399146218736,0.43065123446975345,-13.948641012338504,26.748937100593707,17.62263910218646,-18.634800612926483,9.43918228149414,19.288666546344757,3.158785400623276,-4.2931649216829975,0
STABILIZE,13.095609426498413,38.09817243759765,-27.816593207987815,30.279763868816612,26.4916845616135,-2.63452613828075,-10.0,40.0,0.0,0.7905353793256787,1.4798107496066855,26.413265303524554,0.6603093571290968,-1.0758937603342802,-0.6966157245643593,0.43034915974374344,-13.948641012338504,26.748937100593707,17.62263910218646,-19.3345844745636,10.451913625001907,23.079869151115417,3.158785400623276,-4.831822667934175,0
STABILIZE,13.131658792495728,27.74707929241476,-27.590429839100437,30.28938813314521,26.56606130711928,-2.4482296434199253,-10.0,40.0,0.0,-0.2701524445291045,1.0927123397171516,26.46054216541209,0.6859955381575961,-1.2555250458622758,-0.43753692730719473,0.4301620183529211,-13.948641012338504,26.748937100593707,17.62263910218646,-22.571755945682526,10.23440733551979,26.32884383201599,3.158785400623276,-3.5167653658966005,0
STABILIZE,13.165717363357544,29.365090700328356,-27.403324673758082,30.36461422006527,26.85056455998306,-2.3081647848249545,-10.0,40.0,0.0,-1.594613956558435,0.8136555696661719,26.65577458510044,0.5500372656552996,-1.2675904811138197,-0.5240986999519772,0.4295580599904887,-14.76167894285425,27.76463966359225,19.232482027175628,-20.091906189918518,10.88196411728859,29.92248237133026,2.9267646208494407,-3.497391534315859,0
STABILIZE,13.196436882019043,32.55789980283483,-27.183867355923685,30.412761446216265,27.138711904961067,-2.2502515027274836,-10.0,40.0,0.0,-2.650958206987913,0.6671254936894786,26.849229448057297,0.6046914260445024,-1.175407862598433,-0.990689694452546,0.42894678646338635,-14.76167894285425,27.76463966359225,19.232482027175628,-17.809782922267914,9.243147820234299,32.61424899101257,2.9267646208494407,-9.024889459783344,0
STABILIZE,13.233453750610352,27.02271702294896,-27.053466288656008,30.406659865460664,27.466623171178018,-2.2432051880612014,-10.0,40.0,0.0,-3.1353712311810846,0.8661505359970387,27.106690013726343,0.7051203777800004,-1.393511285803773,-1.3071156757958295,0.4282510667391889,-14.76167894285425,27.76463966359225,19.232482027175628,-22.696365416049957,5.508437752723694,34.6286803483963,2.9267646208494407,-11.762065571551151,0
STABILIZE,13.269219636917114,27.962213081420543,-26.99832277427355,30.418429978790904,27.974859334176823,-2.2171060631863715,-10.0,40.0,0.0,-3.2429667742894726,1.1149225140724464,27.44254407559421,0.667792904351849,-1.532851145248468,-1.1871808098397,0.4271937722205099,-16.038326544036522,28.70863574068727,20.45073351481804,-22.011367976665497,3.3783234655857086,39.53618109226227,2.511580330077913,-8.410064859002768,0
STABILIZE,13.298744440078735,33.8799505650288,-26.912185491220434,30.374015907397876,28.464171925330845,-2.160521453454272,-10.0,40.0,0.0,-3.2290675527719084,1.3136528443894913,27.722446935328623,0.7957823622332104,-1.4305014862033025,-0.9119429453764474,0.4261816244559627,-16.038326544036522,28.70863574068727,20.45073351481804,-20.767495036125183,0.29037261847406626,40.521904826164246,2.511580330077913,-6.46733622412947,0
STABILIZE,13.334576845169067,27.910856762601895,-26.821652205091187,30.286477336390796,28.93471476530378,-2.1408300971580583,-10.0,40.0,0.0,-3.2711460003708295,1.429808428796903,27.961296943056677,0.8626999632611481,-1.4532782297530755,-1.1748060051715652,0.4251989850800799,-16.182112019640684,28.855303496892695,21.137896109566896,-20.751558244228363,-2.5503555312752724,41.90914332866669,2.451893408750337,-9.81872478097349,0
STABILIZE,13.367635250091553,30.256476104598736,-26.840083011257303,30.176870348681327,29.48372002317134,-2.163631225971872,-10.0,40.0,0.0,-3.3578362554205126,1.3820086305510384,28.43399555249304,0.9233187460265451,-1.6743971870875278,-1.4386942598092383,0.42406270052441297,-16.53006009443852,29.069657368387013,22.513091546304416,-23.65386039018631,-5.296730250120163,36.68585419654846,2.2771779833579977,-10.306164646186035,0
STABILIZE,13.404372215270996,27.224779634173256,-26.867066483911785,30.03002814445408,29.950312838236467,-2.1817157253464616,-10.0,40.0,0.0,-3.5033478861589336,1.205426149113112,28.858628413192736,0.969576855249098,-1.6901772248252425,-1.4058855376478478,0.42308477748279105,-16.53006009443852,29.069657368387013,22.513091546304416,-25.409847497940063,-7.303620874881744,35.59496998786926,2.2771779833579977,-10.639209792757734,0
STABILIZE,13.436191082000732,31.436846050067455,-26.919752128469597,29.871264589726053,30.52875870605291,-2.245098798511707,-10.0,40.0,0.0,-3.589665682455439,0.5564364618564568,29.283008556893137,1.0520231042404826,-1.7673250983754818,-1.7532905161613566,0.4218897792428777,-16.81456825871628,29.197264830828022,23.104006649338324,-24.016623198986053,-8.460412919521332,37.08580136299133,2.1729005766408065,-11.937913914375006,0
STABILIZE,13.468235731124878,31.210173451696196,-26.954311113597306,29.713312614714482,31.021211003913795,-2.2965796970251935,-10.0,40.0,0.0,-3.39487893261043,-0.057919430532539555,29.721718437472227,1.0477559222614823,-1.7275017838017506,-1.6931529370173823,0.420864342315155,-17.21029435166465,29.251079376106667,23.669877561582457,-24.016623198986053,-8.460412919521332,37.08580136299133,1.9556771213369084,-11.937913914375006,0
STABILIZE,13.50170087814331,29.890139961802685,-27.032736313889327,29.447183915837336,31.493191603885517,-2.3534787386067126,-10.0,40.0,0.0,-2.8350646754051376,-1.0980816154567221,30.182237112071167,1.2692897695312457,-1.8367313656434736,-1.75522931235486,0.4198786040769643,-17.21029435166465,29.251079376106667,23.669877561582457,-25.710320472717285,-15.45555591583252,34.723663330078125,1.9556771213369084,-11.806824654955891,0
STABILIZE,13.53559923171997,29.504730685087615,-27.123201461129984,29.132906119386224,32.06190166356016,-2.5298568437008964,-10.0,40.0,0.0,-1.6366189796237787,-2.2674050921644393,30.657403127345198,1.3619884991058124,-1.8732334183230122,-2.549654131615685,0.41869733556695893,-18.449388664452112,29.131869210348505,25.630281701632118,-22.77221530675888,-18.24198067188263,35.73403060436249,1.3686795113859276,-17.24575295613488,0
STABILIZE,13.573437690734863,26.431135309538213,-26.804161275999338,28.673570853407334,32.53884515072531,-2.530047625701545,-10.0,40.0,0.0,-0.7836857134443609,-3.0907374390589326,30.92673114669714,1.6233700481551356,-1.0804511232528862,-1.5190367302710934,0.41769418770001376,-8.698303903428888,27.138285793087988,26.18987921713761,-22.74564504623413,-21.91314399242401,28.818076848983765,4.2858574752349785,-14.670648695635013,0
STABILIZE,13.602591276168823,34.30783199051164,-26.521003316756207,28.192876082189,33.15111794506639,-2.5897472525936767,-10.0,40.0,0.0,0.16111030203906243,-3.758775189889431,31.166043899741464,1.9475267802573204,-0.98100641668712,-1.9638636353219778,0.41643102678257216,-9.887267020981657,27.072236917305915,28.121540287345127,-21.0029736161232,-23.37043285369873,28.469255566596985,3.794439733896186,-15.482413263396444,0
STABILIZE,13.636453866958618,29.53922431703418,-26.23785566965008,27.73716771309362,33.64134371093413,-2.718559510772098,-10.0,40.0,0.0,2.89866654318265,-6.332311068201134,31.853318024595655,1.7789342124100098,-1.047467874307721,-2.392358347853586,0.415405033594917,-10.985605478941004,26.78046094002375,29.11871625852568,-19.379262626171112,-22.680847346782684,29.389607906341553,3.127046957498619,-20.476067018430317,0
STABILIZE,13.671381711959839,28.63436147407802,-25.937630062891316,27.33260701026784,34.292916664921364,-2.849246123200768,-10.0,40.0,0.0,3.820160234394451,-7.52022696015986,32.21400665428569,1.6861221448139634,-1.0050255418501552,-2.456962903754955,0.4140539183662185,-11.999565713211407,26.482813437398654,31.57825043673352,-12.276901304721832,-17.581678926944733,28.132489323616028,2.7165067849426636,-17.710185329128237,0
STABILIZE,13.70359206199646,31.05143770914152,-25.73649322047724,26.953771568913805,34.96712107855473,-2.9505690178020902,-10.0,40.0,0.0,4.346366545788696,-8.864319396359159,32.62256124967917,1.7182311798241037,-1.155913879053626,-2.399664924283315,0.4126604710829338,-12.866270866866007,25.99666210464318,33.18289350519271,-15.922464430332184,-14.987674355506897,26.352381706237793,2.1422012717338825,-13.954692898908643,0
STABILIZE,13.737549304962158,29.45541627163875,-25.521141375910492,26.639145344929055,35.709769379164,-3.0328976980189495,-10.0,40.0,0.0,4.251446126232559,-10.115117424911608,33.02352408981019,1.5807949815146336,-1.1245823119056386,-2.3055864854690693,0.41112676528392983,-13.796145120314659,25.320987866549082,34.52657277209981,-12.762880325317383,-10.259490460157394,30.820035934448242,1.458166985141677,-12.026398161298875,0
STABILIZE,13.772773504257202,28.39418618033131,-25.243940413333426,26.413519912002094,36.44882493828527,-3.0888335999707044,-10.0,40.0,0.0,3.8166426869718943,-10.87022386596049,33.46179342318781,1.4166609751137729,-0.9871123588352704,-2.170542991355993,0.40959724123662783,-14.282688453018315,25.092364036993175,35.1360886589451,-6.139114871621132,-3.812333196401596,28.527501225471497,1.1521774072940227,-9.069777463008666,0
STABILIZE,13.808251142501831,28.191695008670635,-24.922316689484173,26.27173085599655,37.24486819495626,-3.1741944353514655,-10.0,40.0,0.0,3.052860838460038,-11.272939503387258,33.85318716829163,1.276367504310621,-0.8687963062909845,-2.385457634272151,0.40795227084371066,-14.507145110219122,24.917929441875053,35.72377334110058,-2.2875547409057617,1.382629293948412,32.08026587963104,0.916717559690356,-10.361229631274679,0
STABILIZE,13.839632749557495,31.872579713669108,-24.548245280957154,26.19513662016595,38.12282918916576,-3.2984073755938015,-10.0,40.0,0.0,2.343127344067551,-11.319939742613409,34.182545720258815,1.1934367518191855,-0.6317689102765965,-2.77182376100287,0.4061485640708905,-15.178945784083655,24.43071759054483,36.97027275340063,3.6144696176052094,7.306554913520813,31.310290098190308,0.3422629229538574,-10.12940959574986,0
STABILIZE,13.875545978546143,27.850069387728,-24.093972223016884,26.21495433567001,38.95837326141684,-3.358028899180521,-10.0,40.0,0.0,0.7179206500515114,-10.497646438246404,34.809772237024845,1.0025065160346902,-0.5321481412552085,-2.3465444118718257,0.40442145981522193,-15.543563987002848,24.344418870470506,38.14586736494488,9.18857455253601,10.920777171850204,35.066670179367065,-0.1401750056532248,-7.394325229415369,0
STABILIZE,13.921003818511963,22.00348337005561,-23.5457297375525,26.26781137323153,39.90510089740171,-3.4881912649071776,-10.0,40.0,0.0,-0.2695293498498995,-9.513336777898465,35.143925581789375,0.958327687202856,-0.5131323925363467,-2.672454082440793,0.4024563042512888,-15.412385179751485,24.023088161299565,39.66332976614342,16.07092320919037,14.088515937328339,36.29443347454071,-0.6298091898828786,-8.853021409698313,0
STABILIZE,13.939358472824097,54.48634043050702,-22.9262330686629,26.339660626716945,41.2011573716458,-3.6140236230083,-10.0,40.0,0.0,-1.3497220061792707,-7.889879359361889,35.52057636356973,0.8760439933010333,0.9876425896861367,-3.499458807458109,0.399833031182952,-15.311489898722105,24.05694091645065,40.91219890242871,21.56926542520523,16.64631962776184,40.23916721343994,-0.7936513146129857,-5.291327059441368,0
STABILIZE,13.973311424255371,29.458519454979633,-22.200711001563732,26.507169332968942,41.8928071098188,-3.5656339632232505,-10.0,40.0,0.0,-2.160102393416716,-6.3948585255255255,35.805593327445195,0.7439137647339182,0.2622169297193069,-1.8543749103998313,0.3983928295369452,-14.994544550710547,24.030717632844524,42.25194915586198,26.562342047691345,17.66611933708191,39.165642857551575,-1.1055761966053261,-3.77084498792649,0
STABILIZE,14.008764266967773,28.217299166459235,-21.45171957203223,26.642874715404606,42.9329407824313,-3.674449464162065,-10.0,40.0,0.0,-2.877129462625719,-4.426267379359975,36.13049518097895,0.8085083345625184,0.3167222993250333,-2.8224939050071582,0.39625206900602034,-14.994544550710547,24.030717632844524,42.25194915586198,29.521065950393677,17.72703528404236,40.192991495132446,-1.1055761966053261,-7.8793847737021645,0
STABILIZE,14.0448899269104,27.68517491749175,-20.58753474933233,26.79857171655744,43.95867767701006,-3.7491172971483655,-10.0,40.0,0.0,-3.3309739751884986,-3.1418118861249953,36.33981657337774,0.7858033639008362,0.575160793260988,-2.6613184771360756,0.3941368377448769,-14.994544550710547,24.030717632844524,42.25194915586198,37.52002716064453,18.44314932823181,40.03364145755768,-1.1055761966053261,-5.763581706581682,0
STABILIZE,14.074565887451172,33.704078106794164,-19.761708664526907,26.890171380624754,45.021816327663856,-3.9001945393559403,-10.0,40.0,0.0,-3.408552971328796,-1.5383479253929278,36.650726784396724,0.8832160176244919,0.9174643869077257,-3.3563773086746282,0.3919570169178245,-14.994544550710547,24.030717632844524,42.25194915586198,34.49661135673523,13.769453763961792,43.20814311504364,-1.1055761966053261,-10.37541934927538,0
STABILIZE,14.10858678817749,29.39864021868648,-18.967617025865742,26.906948186442786,45.725517701729935,-4.046013785475053,-10.0,40.0,0.0,-3.3755734029213893,-0.7760537774596651,36.850537138376275,1.0356642769172812,0.6678471989845148,-3.2864124069479477,0.390487503052684,-14.994544550710547,24.030717632844524,42.25194915586198,35.46791970729828,8.788245171308517,32.788655161857605,-1.1055761966053261,-12.636477488153584,0
STABILIZE,14.141701698303223,30.203966413664972,-18.237416692744265,26.837891124360578,46.50406492259762,-4.108751283959687,-10.0,40.0,0.0,-2.865160836765741,-0.02253007266837464,37.181808143311066,1.2069419390003577,0.6255545200273331,-2.843910540630288,0.3888687691354765,-14.994544550710547,24.030717632844524,42.25194915586198,30.49255907535553,2.8567420318722725,33.36804807186127,-1.1055761966053261,-6.327145737641312,0
STABILIZE,14.175528049468994,29.569003440302296,-17.353795086377772,26.81571930036889,47.23589737840016,-4.229749253649367,-10.0,40.0,0.0,-2.096564985549495,0.4696293465389434,37.54974360371048,1.1460171500695575,1.0089121307955642,-3.2590766535252076,0.38734170729750883,-14.994544550710547,24.030717632844524,42.25194915586198,41.86271131038666,5.74079193174839,33.38951766490936,-1.1055761966053261,-10.51182847228429,0
STABILIZE,14.209238767623901,29.671710633360924,-16.574899225861365,26.709182091034293,47.9136261179324,-4.3514629655927735,-10.0,40.0,0.0,-0.9347370011256325,0.8224872710672629,37.904186025404535,1.3038288413027945,0.8243488374052922,-3.326882644583895,0.3859210910959754,-14.994544550710547,24.030717632844524,42.25194915586198,35.20706593990326,0.05457830848172307,30.975839495658875,-1.1055761966053261,-10.55672159815149,0
STABILIZE,14.242713451385498,29.907403578075197,-15.612786997639216,26.573890402624233,48.80257575538209,-4.474229166508013,-10.0,40.0,0.0,0.46606489492669584,0.9200647942930931,38.20607355652993,1.4134613886485687,1.3093420476771556,-3.4180452422157823,0.38407784765114006,-9.90279093475501,23.769577400496914,47.52321963138123,34.18432176113129,-1.2010246515274048,31.113499402999878,-2.400197488551971,-7.103523095312906,0
STABILIZE,14.2778639793396,28.42767193292803,-14.472477488349446,26.387168867036248,49.79456815252161,-4.589900492043055,-10.0,40.0,0.0,3.0140299323680466,1.2342696110912525,38.647023739156786,1.5412734132835164,1.6574951962559474,-3.4116515449742644,0.38202380410442394,-4.56422830090796,23.21284839219342,52.93545712821232,32.905516028404236,-3.0980871990323067,25.695383548736572,-3.5211557528463064,-4.160418487616507,0
STABILIZE,14.30947732925415,31.63840989665837,-13.409703340672792,26.21501033813095,50.74319663822206,-4.731254917420266,-10.0,40.0,0.0,4.549751223138281,1.2522244708719237,38.87038458539454,1.5840597046627627,1.8385144007937018,-3.736027954655404,0.38006259549840493,-4.051864149455107,23.74127651747353,53.07269878897998,28.177666664123535,-3.881469741463661,25.718766450881958,-3.723306545279942,-5.771147848634764,0
STABILIZE,14.344299793243408,28.72240445390984,-12.37069790373362,26.040567279223207,51.653247429558945,-4.878859520024171,-10.0,40.0,0.0,6.437936955507619,1.3335082043067181,39.125242848989814,1.5567706039815652,1.6543845825604437,-3.7738478417771533,0.3781704422423972,-3.2491847507825486,23.602566617106362,53.95548908116324,28.177666664123535,-3.881469741463661,25.718766450881958,-4.1770946265232745,-5.771147848634764,0
STABILIZE,14.383932113647461,25.23603063723278,-11.325808258704262,25.909972456406933,52.63920580121781,-4.993716554446835,-10.0,40.0,0.0,8.538205184247731,1.284424330496891,39.37892973514243,1.5217790578436352,1.8788205657942925,-3.691865929790399,0.3761289950768736,-3.2491847507825486,23.602566617106362,53.95548908116324,27.416101098060608,-1.1872216127812862,28.04521918296814,-4.1770946265232745,-3.156565094732223,0
STABILIZE,14.410742998123169,37.401389297593255,-10.357695723423424,25.864434640543486,53.54952312832707,-5.17093358934563,-10.0,40.0,0.0,10.28378297004955,1.270711018190798,39.558170974436486,1.3545978108286314,1.790099763137632,-4.1635260799611,0.37423680383465674,-2.845562178374067,23.778378800831852,54.31938403943629,25.11971890926361,3.5436976701021194,27.712711691856384,-4.300359356720895,-7.689990458206881,0
STABILIZE,14.44397497177124,30.035690756495086,-9.4324125596471,25.86631333353301,54.37311295964961,-5.20558714075233,-10.0,40.0,0.0,12.216048608888034,1.0851234659407385,39.75620547923183,1.2639082262887864,1.7968584490947668,-3.3314241041327772,0.37251717912998816,-2.1109617942547785,23.539749417443417,54.79275484887327,21.560673415660858,7.068806886672974,22.636079788208008,-4.413731858406998,1.0253821491481643,0
STABILIZE,14.477954626083374,29.43846375204419,-8.554074401833303,25.93168670894738,55.20859089441463,-5.307961692616656,-10.0,40.0,0.0,13.254224556125278,0.8568604648696165,39.80672155833325,1.136612895497342,1.7543877209329652,-3.7886331110624134,0.37077134509270837,0.5124615851965659,23.514475358233717,56.81984188596205,13.10189664363861,10.985150933265686,20.59873938560486,-5.257958723414935,-1.2337780509144234,0
STABILIZE,14.511499643325806,29.813017549595912,-7.754394491805067,26.265225493372682,56.001308700675615,-5.320746891596161,-10.0,40.0,0.0,13.6131962470127,0.5913127951407171,39.83716712655858,0.5878240593072294,1.7294537553546867,-3.2685405827863607,0.3691106339020935,1.1917827644664047,23.61541457505288,57.940448041014314,8.12065303325653,27.778872847557068,16.848701238632202,-5.593127353051196,4.804407996153037,0
STABILIZE,14.545408725738525,29.49809056959399,-7.0401186907090985,26.690671988848987,56.63452964998197,-5.421729522781854,-10.0,40.0,0.0,13.291891341850606,0.14463427159519174,39.77432938619446,0.3767681680326786,1.6235431709365538,-3.8495686159791407,0.3677674938301205,1.8843991611265902,22.91149752872078,58.630619036332604,3.2355286180973053,35.43659150600433,8.125507831573486,-5.663934069442563,-1.0211721912984977,0
STABILIZE,14.578517436981201,30.20940500284498,-6.462017191648366,27.218682043816944,57.3792474224921,-5.388844877389832,-10.0,40.0,0.0,12.919781782094665,-0.043963366366433325,39.714705249834836,0.0911293326063922,1.4576235574408505,-3.032987119732266,0.3662027029326598,2.224354064933342,22.57527326605593,58.98723573436867,-4.326257109642029,42.74463653564453,16.679805517196655,-5.706463106735348,6.807883479730782,0
STABILIZE,14.611780881881714,30.068204139275807,-5.8710490669448845,27.804701965846924,58.099767524198896,-5.4203930323828935,-10.0,40.0,0.0,11.125939318296599,-0.6981220127209071,39.49376570565785,-0.034639434560392396,1.521823313545734,-3.4400352683046487,0.3646835819688651,5.230181125111651,22.18429703388836,60.84798546038672,-9.530667960643768,47.39033281803131,12.751202285289764,-6.034150521224185,3.2601585738738064,0
STABILIZE,14.645445585250854,29.70975236584122,-5.319801021859322,28.457564806470263,58.818342199055536,-5.445794983691731,-10.0,40.0,0.0,9.918234660765052,-0.9528584534890284,39.40448147282744,-0.21388386320921557,1.5053822635259768,-3.4186336195678306,0.36316735699165176,5.009218146367656,23.60056826499573,61.5183222140314,-9.530667960643768,47.39033281803131,12.751202285289764,-6.0054182209395055,3.2601585738738064,0
STABILIZE,14.678909301757812,29.88864897991178,-4.8273785603686035,29.32809046790509,59.52522163541226,-5.537222531707645,-10.0,40.0,0.0,8.425091275176795,-1.1750868757067383,39.21790461036479,-0.7100042774303563,1.4803583267317673,-3.8688899603366074,0.36167393944659826,4.935027964510352,26.48326113103589,62.498415250979356,-10.833646357059479,53.35015654563904,11.526332050561905,-6.126259823291583,-0.8132876999463433,0
STABILIZE,14.71292519569397,29.403792632058607,-4.325396152041763,30.307430821403102,60.170222791558096,-5.427020713074713,-10.0,40.0,0.0,7.035333474847261,-1.274429949472164,39.03444231416366,-0.9725254633020115,1.5589798692175818,-2.6038477732792034,0.36030262226928106,4.935027964510352,26.48326113103589,62.498415250979356,-7.851550728082657,60.71118116378784,10.393031686544418,-6.126259823291583,11.143101876133548,0
STABILIZE,14.746469259262085,29.816832422211007,-3.979304772349223,31.350997283528628,60.713516802162886,-5.405076088726985,-10.0,40.0,0.0,5.878051835089688,-1.3725630125374395,38.7938181647987,-1.2010043628432867,1.2870433824033312,-3.1131614710867916,0.3591339712718411,5.049562305459323,27.74094841813686,62.46801180803752,-16.5563702583313,61.51111721992493,6.099981442093849,-6.176685976355352,5.515507528379526,0
STABILIZE,14.779492378234863,30.28728228531816,-3.632754311587257,32.65950175404369,61.338132197435655,-5.353249953842149,-10.0,40.0,0.0,4.512200977515667,-1.3395320042678462,38.527539824911166,-1.8618522412606457,1.3972725695129924,-2.8979428581400817,0.3578037507668734,5.713999222433875,32.78882576751464,63.5371817553542,-16.04248732328415,65.1873528957367,10.652019828557968,-6.006751425694521,6.537816092401185,0
STABILIZE,14.814005136489868,28.979997374439478,-3.2526604716028134,34.10108392412493,61.969064868090236,-5.26959672784938,-10.0,40.0,0.0,3.615897877736519,-1.3136256303545168,38.3160020361267,-2.1042227391702912,1.487842296779357,-2.676723013320455,0.35645638377000544,6.287230606432062,35.06935268281203,63.858672986277305,-13.258843123912811,69.28879022598267,13.4174183011055,-5.790201987932434,7.538732503942364,0
STABILIZE,14.846886396408081,30.418194476676724,-2.889553532353269,35.54653545186656,62.59678013320273,-5.184082787802483,-10.0,40.0,0.0,2.5212430962524395,-1.2147086963602767,37.97562980412287,-2.351169730929463,1.5414663930139108,-2.5903683833305045,0.35511861384533505,6.287230606432062,35.06935268281203,63.858672986277305,-13.258843123912811,69.28879022598267,13.4174183011055,-5.790201987932434,7.538732503942364,0
STABILIZE,14.890716075897217,22.819562248711936,-2.65735292450108,36.929699589982135,63.19407055690085,-5.108754058687805,-10.0,40.0,0.0,1.553472952423098,-1.001362935158168,37.58416775712735,-1.689063254908916,1.0967719144655708,-2.721290287906167,0.3538133154888196,6.606664659380554,35.93060647601153,64.1514394181963,-20.182853937149048,66.70758724212646,14.947851002216339,-5.681213756952767,6.386206383394412,0
STABILIZE,14.914564371109009,41.94765424196662,-2.3203798265983995,38.586129918219484,63.9442593729413,-4.905959265784087,-10.0,40.0,0.0,0.8976725527077352,-0.8183607162306645,37.1595007454818,-3.8492749630646794,1.9273404148418432,-1.2417968970415083,0.35225197781241235,6.606664659380554,35.93060647601153,64.1514394181963,-17.585431039333344,67.06696152687073,12.827502191066742,-5.681213756952767,13.765461654179795,0
STABILIZE,14.94922399520874,28.8557865624613,-2.188890863024891,39.727175088146225,64.27263112672688,-4.684097213465303,-10.0,40.0,0.0,0.5646744170474327,-0.5257315065252232,36.688023032359574,-1.9932215785897802,1.0445702502891294,-1.5333435752672475,0.35150591009764176,6.3507280790024065,37.841666423323,65.44869119639365,-18.038667738437653,66.37465953826904,9.525862336158752,-4.921328934843446,13.367405059540621,0
STABILIZE,14.982608556747437,29.9608123263306,-1.9898313451772398,41.11004213147071,64.77228000523385,-4.412867272646747,-10.0,40.0,0.0,0.13420087749351958,-0.34058917055125765,36.22019264025414,-2.6512362782557086,1.2576543900938555,-1.0187545922991463,0.35042033339244044,6.3507280790024065,37.841666423323,65.44869119639365,-17.36014634370804,65.35477638244629,9.41898226737976,-4.921328934843446,15.866826555168515,0
STABILIZE,15.016436338424683,29.567544323428855,-1.6451186836875435,42.755449479178196,65.22033886905244,-4.080213943583498,-10.0,40.0,0.0,-0.5030236354950166,-0.24201491995428162,35.70291509365239,-3.217299328776071,1.6084822469664304,-0.4829056261705189,0.3494710034676697,10.446749277519533,45.42600693620473,65.5063391396115,-17.36014634370804,65.35477638244629,9.41898226737976,-3.5186186342538655,15.866826555168515,0
STABILIZE,15.049343824386597,30.39460850030798,-1.3299699917268935,44.36313175745233,65.57406754973611,-3.7584888553488334,-10.0,40.0,0.0,-1.6730781025264838,-0.22806596612182306,35.20252177467892,-3.3646456331376156,1.5857834308207635,-0.2993091742983378,0.3487655698038507,10.446749277519533,45.42600693620473,65.5063391396115,-17.9288849234581,65.02737402915955,4.060812294483185,-3.5186186342538655,15.187740119581877,0
STABILIZE,15.088815450668335,25.338786557038343,-1.0334328450862649,46.09978321923047,65.93336588990603,-3.424911374835556,-10.0,40.0,0.0,-2.7487492269861593,-0.14128232957958153,34.77999944243276,-3.671987386400639,1.555037484537459,-0.07925545019362135,0.34804421023731924,11.30252712177527,49.249967408375426,65.52540501297219,-19.860416650772095,66.86176061630249,7.379753142595291,-2.9604847016610307,14.938986337557305,0
STABILIZE,15.125465393066406,27.291563913199077,-0.8617582157905226,47.80117290250847,66.30193664288731,-3.0283846805398347,-10.0,40.0,0.0,-4.620409530102063,-0.2838206935949314,34.12561950862135,-3.0996707031462796,1.1834265155645045,0.05789563324232683,0.3472839495655989,9.694240141657414,49.85258941313319,66.90527435270043,-22.358565032482147,64.12107348442078,4.397058114409447,-2.4447750307251948,17.342786038578666,0
STABILIZE,15.158489465713501,30.288594578200147,-0.6502919860580052,49.683960066856315,66.74001563407178,-2.5827854473313283,-10.0,40.0,0.0,-6.062687643167588,-0.265031483518461,33.541406108153474,-3.941794814601949,1.3805040954155203,1.1494487221323264,0.34643182355892543,9.694240141657414,49.85258941313319,66.90527435270043,-19.70704197883606,60.79964637756348,3.6662161350250244,-2.4447750307251948,18.002464491638715,0
STABILIZE,15.202295303344727,22.83061715492559,-0.5503241679707794,51.27725641772389,67.15725948413632,-2.1304236936252554,-10.0,40.0,0.0,-6.909957241782037,-0.2406233222717444,32.98639176638741,-3.3103010054752917,1.0580248609772112,0.9430944070205716,0.3455760722685747,7.227566646149127,53.01594761708874,68.67273688907554,-17.327456176280975,57.65841603279114,7.169430702924728,-1.0988942287087673,17.94201390238952,0
STABILIZE,15.226341962814331,41.602729671288856,-0.39809775341230424,53.16610288291444,67.68669524072187,-1.582762061006792,-10.0,40.0,0.0,-7.207883263188823,-0.2570087326471934,32.67566938557061,-3.9659891687678623,1.2861267803232421,3.159829719355871,0.34455444594890516,7.039662687504049,55.84125657694027,69.04787629207547,-13.210642337799072,52.06279754638672,7.51577764749527,-0.3246037160265639,18.812902295153872,0
STABILIZE,15.258895874023438,30.722550211687494,-0.332124718490451,54.40221505308721,68.02374788723901,-1.1619297123488628,-10.0,40.0,0.0,-7.371501298530125,-0.13671760209947093,31.90928459465474,-3.469037279663908,0.9937695136654785,1.8682249648576819,0.3438632338252552,6.835128435222335,58.00831488344388,69.31242736005404,-16.458600759506226,45.50018906593323,9.213950484991074,0.11739919038607644,16.903575846642873,0
STABILIZE,15.295208930969238,27.543548355321484,-0.1271157673642582,55.96344496501807,68.44997214316426,-0.7100117308175093,-10.0,40.0,0.0,-7.061508894180865,0.13289217589594812,31.445521580200044,-3.927839700722574,1.2439019720158058,2.055314335522954,0.3430003224874291,8.369759488195575,61.70568164518981,69.61797174769434,-11.374089866876602,41.48464798927307,9.265756607055664,0.3428801186378799,16.085339674642857,0
STABILIZE,15.3260817527771,32.397954612164185,0.12757945820011088,57.576585542168274,68.89072468327011,-0.268364075112724,-10.0,40.0,0.0,-6.613680284172986,0.36172375019483405,31.001514887919612,-3.9933922624733356,1.4201105541670649,2.6980717369252725,0.34213341746138204,10.275578286853197,65.56438699897365,70.02702877821596,-12.712377309799194,35.18958389759064,9.03056412935257,0.7283670308456581,14.296531914036734,0
STABILIZE,15.361774921417236,28.021244897550154,0.3541472090887636,59.00468669388789,69.27936829103291,0.148472319263798,-10.0,40.0,0.0,-5.89661458170649,0.5315710514613197,30.332303198325516,-3.9881519004887602,1.2786510564578801,2.4231268010034817,0.34134228269815403,10.365269941490308,67.5141164405409,69.80266925423398,-13.864797353744507,30.73383867740631,10.910522192716599,1.1983424247474883,14.317096759853996,0
STABILIZE,15.396126508712769,29.121650801585815,0.6464524834537426,60.54223351303403,69.57854448478001,0.6286934889659678,-10.0,40.0,0.0,-5.258974587777133,0.7792091647736522,29.90924469622951,-4.0158634871303045,1.4237100271242777,3.1756010954864893,0.34074738996384335,11.44472138294206,69.22512664896124,69.79424190475008,-11.677490919828415,28.334563970565796,3.593655303120613,1.357157790009726,16.422040679967804,0
STABILIZE,15.430182456970215,29.36570748442204,0.9065507814004476,62.021310737008974,69.7996022612412,1.110608994443656,-10.0,40.0,0.0,-4.349088376172946,0.9293661245604753,29.381236922441676,-4.0269342691648164,1.3505830714559806,3.4889766327711067,0.34030545819500246,12.448931335179992,71.10875176886624,69.575840905815,-15.700523555278778,24.541766941547394,1.1923545971512794,1.9524770443042456,16.20400055109349,0
STABILIZE,15.46353530883789,29.988445918892637,1.3436008767619545,63.49481451381536,69.99142803644001,1.5491792853250026,-10.0,40.0,0.0,-3.4539997694055913,1.082202172688383,28.927886531376664,-4.048618678891094,1.7436244324077947,3.5604990042970535,0.33992380675979383,14.025847798061418,73.53248957739164,69.00285489907925,-7.601786404848099,24.089138209819794,2.7297167107462883,2.692633447190544,12.650369239151743,0
STABILIZE,15.499717235565186,27.642115252807507,1.7313866458174418,64.96901716904435,70.11175127887476,1.993958686934039,-10.0,40.0,0.0,-2.53786094650308,1.2033420876426117,28.51769439812967,-4.057422805904934,1.579750881740526,3.6541214897676646,0.3396749922118247,14.687294263767008,76.45857999935008,68.83914303729085,-11.639083176851273,21.01551741361618,0.22505035158246756,3.589591380509737,12.08002795288817,0
STABILIZE,15.532855749130249,30.183752041969214,2.0844755687252854,66.45678008081227,70.25302850032485,2.4636934485512287,-10.0,40.0,0.0,-1.8640215903028907,1.156889971097355,28.139472672840213,-4.071936473650949,1.5859146873564949,4.357293678421748,0.33940224616008763,14.555767334857665,77.94982441373241,68.99292294816507,-12.432724982500076,19.636844098567963,1.0437876917421818,4.102238201240402,12.241727558846344,0
STABILIZE,15.568484544754028,28.07169341561032,2.413471702520542,67.74491740241791,70.34670637084683,2.92583221339152,-10.0,40.0,0.0,-1.4003413918918814,1.2244646610942878,27.896469910096794,-4.080071798279434,1.4645081174279342,4.319658480778111,0.3392051584840182,15.1930856819185,77.6505787718229,68.69961226773103,-14.807349443435669,18.883980810642242,1.4591595157980919,4.443419143344901,13.376484942268506,0
STABILIZE,15.60440731048584,27.845447061635287,2.6446397129426606,69.10212953433472,70.41337741744844,3.390028916966232,-10.0,40.0,0.0,-0.8239385795441848,1.1647304946560009,27.43907946213772,-4.086463823986379,1.341273526433112,5.060618246494352,0.3390868494788412,14.879265940487539,78.21318570624636,68.7963572087634,-19.206158816814423,18.008174002170563,-1.4354770071804523,4.532220947735924,12.515985267231743,0
STABILIZE,15.632430076599121,35.694989106753816,2.8170507564750897,70.37457268597998,70.38628819574316,3.7956534443816325,-10.0,40.0,0.0,-0.5272196339906398,1.229084537015861,27.187552623310122,-4.086096279044267,1.1651886665729292,4.725993235058514,0.3391341445388014,13.456677879426472,81.2792446854308,69.30237908844656,-18.233758211135864,19.2957803606987,-5.381310358643532,5.21838927191992,11.190757813520019,0
STABILIZE,15.667338609695435,28.64981318178403,3.0125124455521974,71.68162782133855,70.31234472462522,4.198394712418673,-10.0,40.0,0.0,-0.4779058282657063,1.096167881828649,26.892935828556208,-4.097541804283968,1.1821590986764507,4.827975197452339,0.3392771955616586,13.653651699862461,81.38903771971601,69.07427643923779,-16.167052090168,19.471541047096252,-8.326290547847748,5.514708865631566,9.761682456120129,0
STABILIZE,15.700552701950073,30.113322420378505,3.1131099495297825,73.02970777391111,70.2444529832431,4.622207855202542,-10.0,40.0,0.0,-0.7891178482686367,0.8835733880743892,26.524807415312736,-4.092294731399497,0.9801473249581134,5.308517547998878,0.33941715081318785,12.801313432160216,82.410217444555,69.05579472621034,-19.0817192196846,19.58031952381134,-7.852791994810104,6.30173254411072,8.997978514453493,0
STABILIZE,15.736462831497192,27.852473603824954,3.224008228238689,74.29294458528902,70.09354665482154,4.965014557695058,-10.0,40.0,0.0,-1.3525652858647002,0.6884171676839652,26.275956303092492,-4.099465679119351,0.9715293797948803,4.888890679640108,0.3397122573799328,13.139831294086605,83.29475449670377,68.8586529607534,-18.876810371875763,20.29412090778351,-11.104528605937958,6.401952660879148,6.067663435977942,0
STABILIZE,15.77647590637207,24.99570324372322,3.2605291232588396,75.53792936100191,69.96814076975886,5.351273313123594,-10.0,40.0,0.0,-2.0498904609693898,0.5381624508146464,26.11650212182396,-4.0920659885360715,0.7959468233464329,5.145265095888686,0.33995195504256986,12.427527414628768,83.9153502094332,68.93193489498324,-20.978644490242004,19.75911408662796,-9.496039897203445,6.761378336409335,7.11327745922133,0
STABILIZE,15.810230731964111,29.630625984613538,3.2174315890441827,76.95475996240079,69.89013253472491,5.723484747910767,-10.0,40.0,0.0,-3.0214669411571324,0.2868628758595109,25.93668031645045,-4.081524968917641,0.6134475762282818,5.632624720655967,0.34012507582398616,12.21064884505001,84.5538729625411,68.92584767871907,-23.570357263088226,18.917427957057953,-7.561463862657547,6.9562652216754755,4.539219071438121,0
STABILIZE,15.844696044921875,29.019697923657574,3.1144175382995893,78.12383447288447,69.7604717843611,5.978252186169948,-10.0,40.0,0.0,-4.17165713700894,0.0031645653806844235,25.784604447032823,-4.070759088842187,0.4668249084532376,5.065974523755141,0.34038292435414247,11.143749475204295,85.71095308338232,68.90411829788002,-25.417998433113098,17.39986687898636,-8.634205162525177,6.958418269256098,2.503216519485483,0
STABILIZE,15.877422332763672,30.562264095950102,3.0148926117563395,79.22111022907471,69.62331457608238,6.2280350740431984,-10.0,40.0,0.0,-5.55038631626302,-0.21287434474724534,25.636700115650783,-4.071416932730001,0.43680774952758183,5.264130220302361,0.3406622788130184,11.604467718572149,86.3595418485585,68.67490315945629,-26.121622323989868,16.216668486595154,-8.025886118412018,7.181388093366911,2.3778688878374092,0
STABILIZE,15.911555767059326,29.302928683210375,2.8114868762664287,80.25680271276727,69.45348135953857,6.467323440032556,-10.0,40.0,0.0,-6.351166232291777,-0.358375410036794,25.585506140274244,-4.0476768636023515,0.19459475899445877,5.297585869415823,0.34099922127095994,9.601402125919012,88.26502453569844,68.6345857316874,-27.19406485557556,12.349864840507507,-9.674519300460815,7.359823203627874,3.300760633394947,0
STABILIZE,15.944369792938232,30.4803098679573,2.6091865342126357,81.24834179193523,69.23336039991472,6.684669268662453,-10.0,40.0,0.0,-7.991883965747799,-0.6876609376767979,25.53735672172024,-4.0456143844514285,0.1555914186361662,5.323166297218103,0.3414415511512711,9.296472126833166,88.56858177805859,68.38607416875332,-25.626346468925476,9.50474664568901,-12.076251953840256,7.709393367349087,1.2874257717502884,0
STABILIZE,15.98024868965149,27.877650311723183,2.489564315402813,82.18989359914261,68.99875263265655,6.900360254750926,-10.0,40.0,0.0,-9.09983797931954,-1.0162666213705476,25.536337315986614,-4.068167999153231,0.322120724613625,5.345676079450637,0.3419037280570674,9.340269743399515,89.6054234612443,67.92425677647137,-20.60864120721817,8.824295550584793,-11.535955220460892,7.820662372910988,2.1944168369200368,0
STABILIZE,16.01337242126465,30.196790473653518,2.3346495251522645,82.9484435609815,68.7298188099053,7.053886032365677,-10.0,40.0,0.0,-10.103080070273107,-1.3632532512553006,25.559378959151655,-4.055845124667342,0.2047740662181483,5.159916098287548,0.3424493578485829,8.572544164231527,90.39772971997942,67.60572926880806,-19.968177378177643,-4.896899312734604,-12.756490707397461,7.9890483949944,-1.9655440280220793,0
STABILIZE,16.046435832977295,30.250147850043994,2.249251754654727,83.56168293543878,68.47926374065018,7.159211652161544,-10.0,40.0,0.0,-10.715530326543456,-1.805892411597851,25.589121017892474,-4.073512349851037,0.3350312768323649,4.934732438125677,0.34295120268846047,7.862858474991674,91.30390021237334,67.22556632473575,-14.843440055847168,-8.646682649850845,-10.685641318559647,7.922477889604823,-2.8433992137398456,0
STABILIZE,16.079375505447388,30.365781967189378,2.16059510034436,84.01053986856842,68.21112629239322,7.270213911526858,-10.0,40.0,0.0,-10.670317889332557,-2.053714940017774,25.645686937051227,-4.072437633585378,0.3136867176763284,5.03199953207488,0.3434873229957125,6.945475807327735,91.41884603088457,66.60266950485152,-12.307924032211304,-16.701538860797882,-10.24453341960907,8.334429251653003,-2.7045216176762112,0
STABILIZE,16.11339020729065,29.404411043030805,2.1066530975885436,84.3155420943434,67.94002900981653,7.335222207648793,-10.0,40.0,0.0,-10.399536747234695,-2.1925208190951233,25.73140068849301,-3.9679456109565097,0.39483800068522634,4.783361747264408,0.34402750164338747,7.847392911552637,91.11832364053623,66.40431165459802,-12.555408477783203,-22.841933369636536,-10.099693387746811,8.663917813327874,-5.918938628121854,0
STABILIZE,16.146079778671265,30.596374512163987,2.0917077853399,84.47236708447674,67.65839895109175,7.438605635408384,-10.0,40.0,0.0,-9.141001821899915,-2.364468056685844,25.84621446089363,-3.7225218045068647,0.49842832151634164,5.095315411780658,0.34459468216131495,7.364121635844905,91.00375130840067,65.6567728938892,-8.685285598039627,-29.514682292938232,-8.948413282632828,8.842593367485762,-3.3535921466249956,0
STABILIZE,16.182621240615845,27.370638406170674,2.109427078145437,84.46373552854814,67.40622585778458,7.512495019880864,-10.0,40.0,0.0,-7.420297023734342,-2.372657240057278,25.967701328113357,-3.408303165058122,0.6036098173567134,4.9123944085701625,0.34508914104191346,6.954759991845532,90.5861724017275,65.58816521380172,-5.791933089494705,-35.66610813140869,-7.406006008386612,8.917637128545799,-4.538520684595488,0
STABILIZE,16.217705249786377,28.508438402718777,2.1238980064881945,84.38061628230821,67.14636955517105,7.5939384793166225,-10.0,40.0,0.0,-6.088584305405692,-2.444996200443706,26.065805042709542,-3.2665651576479466,0.6141599084491786,5.019472314136485,0.34561279276314866,7.757509331003611,89.94812660882863,65.11255462086413,-6.9190338253974915,-39.80212211608887,-6.203538551926613,9.234419886182527,-5.419020861069342,0
STABILIZE,16.251378059387207,29.70891061056807,1.9459457232611161,84.28229941671353,66.78100893613372,7.596800457428904,-10.0,40.0,0.0,-4.563874773681398,-2.360626075277712,26.249987923868105,-3.1659898290861093,0.2035075903949815,4.575341670358054,0.3463494026005654,2.641508422467063,92.03568621361396,64.20980166736025,-5.743788182735443,-42.67323315143585,-10.79462468624115,7.894417250603328,-5.146714879239273,0
STABILIZE,16.28418779373169,30.482303521853517,1.7980652936093502,84.07637342099639,66.37021878193559,7.542483404704167,-10.0,40.0,0.0,-3.40334068321843,-2.2251778745076582,26.414103709245172,-2.9510169267446402,0.28725997437492506,4.199372818826201,0.3471711271274075,2.412209329749159,91.60881906844718,64.15216314499622,-4.811745882034302,-44.10104155540466,-14.535331726074219,7.842077865693709,-7.361021227022387,0
STABILIZE,16.31954836845398,28.288284885681527,1.5807886647396892,83.83018315651333,65.91804320792721,7.480248981512071,-10.0,40.0,0.0,-2.4181956053576337,-2.243078306218381,26.557746002585123,-2.8634266327891726,0.16063858362919314,4.134966932160611,0.34807099002424313,2.066721953407928,91.74683094716465,63.34047654703243,-8.759666979312897,-45.51855027675629,-15.291067957878113,7.816317858205381,-7.499052519959174,0
STABILIZE,16.352470636367798,30.37875813916432,1.4350670443627624,83.55074656703334,65.47074527893142,7.406818877790116,-10.0,40.0,0.0,-1.219698042827265,-2.0729400015406556,26.848266391384325,-2.7609828573977713,0.28757419211610014,3.998264702331561,0.34897224229963664,1.7051748605230936,90.49259996782422,63.420280045008894,-3.1656719744205475,-42.942801117897034,-15.343998372554779,7.719380045860354,-7.793852022273388,0
STABILIZE,16.38598084449768,29.84611224569668,1.2806375165806518,83.19583234075428,65.0325399273595,7.327577016297219,-10.0,40.0,0.0,-0.7247272003636935,-1.9340026413217837,27.10715275904261,-2.5979806108361307,0.2864623400549473,3.924976830124242,0.3498474963261139,0.06799915014698044,88.89498836047301,62.37729604081426,-0.484993914142251,-41.204193234443665,-13.292543590068817,7.366048534797354,-6.492782947655998,0
STABILIZE,16.41883158683777,30.446457607433217,1.1166858985874522,82.74721446262483,64.61603872940898,7.195436171757803,-10.0,40.0,0.0,-0.4189226091101505,-1.8205564008590454,27.428967367071515,-2.3595383171310584,0.27976607044746005,3.5123838743950038,0.35068305581856185,-0.4202609433051381,86.54462853712059,62.21762250655941,-0.17859702929854393,-39.7628515958786,-11.995294690132141,7.250900330401427,-9.232872135104817,0
STABILIZE,16.4529390335083,29.324030118923606,0.986574088687092,82.28957520633355,64.24826389410713,7.074413452949253,-10.0,40.0,0.0,-0.35328972054991126,-1.7464530105109324,27.751676729881694,-2.3503239048085205,0.3573688181477306,3.5348931501904155,0.3514158306967919,-0.29647249836324374,85.68998908107969,62.07405955986678,0.985075905919075,-37.39832043647766,-9.574885666370392,7.204256031978118,-8.240780327971294,0
STABILIZE,16.48655891418457,29.748735734905065,0.8097518814527649,81.8020888242279,63.82642475869415,6.945051925324764,-10.0,40.0,0.0,-0.38512155037249124,-1.5470746659963828,28.066147177005544,-2.230812595157347,0.25969059681217566,3.3978319621846502,0.3522612774459822,-0.8643660701217125,85.33835523786385,61.684681320066865,-0.8715988136827946,-37.8716915845871,-12.341155856847763,6.9539396173707875,-7.954108750769397,0
STABILIZE,16.52064037322998,29.347831258702605,0.6437858076369661,81.18740711083528,63.4347063367531,6.8012198702724875,-10.0,40.0,0.0,-0.42227335050657067,-1.5374092012688743,28.42628768401468,-1.958020409133592,0.3102166556584759,3.236565119530023,0.3530441215318609,-0.6775823278229087,82.69008682377435,61.31909186594446,-1.5603844076395035,-38.282930850982666,-10.401298850774765,6.947888722946503,-8.733065358626318,0
STABILIZE,16.554516077041626,29.52425332422939,0.4473699281050619,80.51427339814174,63.01798602032166,6.635695308730468,-10.0,40.0,0.0,-0.23360426236292495,-1.526183892089664,28.735650857186656,-1.7803051997843344,0.25357872435807227,3.004328871316561,0.35387862299150147,-1.6096802006708262,81.29268008277586,60.43398485572178,-1.5603844076395035,-38.282930850982666,-10.401298850774765,6.498109128866165,-8.733065358626318,0
STABILIZE,16.58942699432373,28.649226103468532,0.30763939297827614,79.77214789459995,62.6921760733934,6.384873553294318,-10.0,40.0,0.0,0.7699036723597446,-1.612226559828665,29.168927322281,-1.6450305966747623,0.3898726347843813,2.391345196841268,0.3545282636256669,-2.009902285864149,80.16188365527213,60.046286795040814,2.531568706035614,-39.91078436374664,-4.596508294343948,6.0783496500084855,-12.735139570714418,0
STABILIZE,16.622830867767334,29.942845720567973,0.19537741301793138,78.98689734234968,62.36314531368692,6.0905584479506825,-10.0,40.0,0.0,1.5574528182750997,-1.623234050006375,29.505177535120726,-1.4467525803830625,0.4551139592660747,1.8927644657819171,0.35519035459524095,-1.5826307932705355,79.54711288151174,59.90565343355212,3.032071329653263,-40.49497842788696,-4.6972304582595825,5.958868498944569,-14.981084208506678,0
STABILIZE,16.656278610229492,29.90164682398232,0.07472744489556836,78.17583957510118,62.01203469959599,5.806732654832217,-10.0,40.0,0.0,2.8416886782395805,-1.6865072149300808,29.954535680615866,-1.3354987755894463,0.4455666159946242,1.788915626134006,0.3558928659269478,-2.340982081435567,78.07180069324843,59.629248356432605,3.4958381205797195,-39.50781226158142,-7.014324516057968,5.822317129248345,-14.276212101255947,0
STABILIZE,16.690077304840088,29.593621675015875,-0.1385725071133045,77.2610351104696,61.6406681825838,5.4806729468968,-10.0,40.0,0.0,4.088484642825225,-1.9535929045218496,30.43035739405022,-1.048237752205687,0.26772672261587005,1.3447916152003343,0.3566359370960662,-3.6236135114568593,75.18897393839997,59.06795902445352,0.4707583226263523,-38.76205384731293,-7.526706159114838,5.48755279428333,-16.06167136162147,0
STABILIZE,16.72416377067566,29.342698437128345,-0.47864888337991585,76.32174175009465,61.232134820721846,5.118891912623645,-10.0,40.0,0.0,4.976660671265704,-2.3901512755123844,30.856042103882093,-0.9448608849845718,0.0030368313666951086,0.9621527486416444,0.35745170680487065,-5.532266202290563,73.23187650508967,58.29290382565074,-3.1283657997846603,-36.05833053588867,-8.632595092058182,4.3971903431738095,-15.38934510576585,0
STABILIZE,16.757240533828735,30.23793526061567,-0.8170599775324899,75.45063893352462,60.82213566150566,4.810733835753181,-10.0,40.0,0.0,5.670051657408466,-2.9092226005449047,31.319142589987297,-0.9454063206995642,-0.04395774530666867,1.024840626311346,0.3582751836162782,-5.905352493571326,72.38707542976934,57.95737923894761,-2.762211486697197,-30.6354820728302,-8.6588054895401,4.269630860490712,-12.023617420533034,0
STABILIZE,16.790973663330078,29.652621458062328,-1.0936197301539947,74.70550392532026,60.41879715177885,4.482129479288446,-10.0,40.0,0.0,5.826697350267654,-3.38846154299838,31.70521903282227,-1.1692970017423994,0.05959662122759138,0.7354397811811342,0.35908111387631136,-5.661269625369913,72.2105633004321,58.00534343029192,-0.4452505148947239,-24.40868318080902,-9.685813635587692,3.951011128836144,-13.100945719640084,0
STABILIZE,16.831067085266113,24.945752570820225,-1.3602351297217679,73.94893318278275,60.08998536049283,4.187744240017363,-10.0,40.0,0.0,5.958082015368373,-3.85328622498219,32.11715115676032,-1.1051379008071285,0.07245109252042237,0.7788734468346579,0.35973840565826737,-6.035320480993159,69.49407172703562,57.53557731658437,0.5745585076510906,-18.649426102638245,-4.524271935224533,3.164756582011715,-9.168789592764464,0
STABILIZE,16.86587905883789,28.730274198741,-1.7120137384520127,73.23879477463373,59.715345015760235,3.7873186691263214,-10.0,40.0,0.0,5.856284875978504,-4.153318932861102,32.50996216611693,-1.3695330710528595,-0.019488227747588974,0.3207133999772327,0.3604712956298401,-6.387015702087696,69.29889648369222,57.503344328409966,-4.852086305618286,-17.048153281211853,-8.28632041811943,2.6848932538845993,-14.690603093295206,0
STABILIZE,16.898385047912598,30.768977962968396,-2.0099612559701416,72.52650400659293,59.32165560094417,3.435088777370047,-10.0,40.0,0.0,5.459548215396436,-4.406291637358626,33.07051920639446,-1.0122592123254985,-0.058686155367029605,-0.10880557857860929,0.36127965204383883,-6.178400485308902,68.5524586915109,56.85674922965781,-0.7617208641022444,-10.438214987516403,-5.6145235896110535,2.2751424525595345,-8.541317189188318,0
STABILIZE,16.932869911193848,29.003644209026852,-2.1904050930251127,72.00549450796417,58.998484423498375,3.102285521783298,-10.0,40.0,0.0,4.860993978992477,-4.544541496348854,33.46088159293361,-1.4311047084107669,0.184717823473925,-0.07011849400011738,0.3619217057942301,-6.049271585462112,67.16141818652193,56.14491492802493,3.362268954515457,-4.4453684240579605,-4.240761697292328,1.9278040518353439,-10.58295635475351,0
STABILIZE,16.965529918670654,30.624746272579916,-2.4145839971212704,71.54912344195525,58.66013847101452,2.75383158029276,-10.0,40.0,0.0,3.7234814680138593,-4.55978477102903,33.970208799341464,-1.4656459527705699,0.05822829748233746,-0.4787273420267699,0.36260298873872737,-6.656257340229043,67.71480426887858,56.35951180064994,1.9432075321674347,-2.2491376847028732,-5.526629090309143,1.537392840696238,-10.149804540611518,0
STABILIZE,16.999758005142212,29.220250660090148,-2.6296116295858916,71.18302565662054,58.4060370106706,2.4455217682498693,-10.0,40.0,0.0,2.5437050271116726,-4.425740174133414,34.34855005294139,-1.6380603663507192,0.07158966907619618,-0.36727356905383024,0.3631094029849841,-7.168511346359531,67.81102552510148,56.66511346594553,3.0537081882357597,0.7101114839315414,-3.1052835285663605,1.243125441823652,-8.396494980669244,0
STABILIZE,17.035114288330078,28.288284885681527,-2.795919723179581,70.86326892617875,58.197517527013105,2.1536921028997944,-10.0,40.0,0.0,1.5407194951388032,-4.211582580915426,34.582757239581134,-1.7483255008104808,0.185049384394314,-0.3313933982721686,0.36352128092786073,-7.529343193151341,67.14165879862145,56.421547671257954,6.630095839500427,4.628786072134972,-0.019442092161625624,1.0863646892556424,-7.340376980256023,0
STABILIZE,17.073047399520874,26.366501757010756,-2.944080189627436,70.56723305411829,57.95668848064446,1.8487225910324814,-10.0,40.0,0.0,0.7741406308009738,-3.8823700242417503,34.80239563272123,-1.7920892454867967,0.22708109229826157,-0.5170988656180384,0.3639996788308704,-7.222680306343728,66.84772746263698,56.43783278993432,6.203145906329155,5.454486608505249,-1.947854459285736,0.6552407403893747,-6.687195744643949,0
STABILIZE,17.099792003631592,37.40072227919212,-3.137218276133931,70.2069545049462,57.707107199659696,1.5354558771826305,-10.0,40.0,0.0,-0.15113522430286871,-3.0663440587684665,35.057496368032034,-1.4087325465266025,0.008406230683711498,-1.3861642514302601,0.3645231092728069,-7.61526220440312,66.21575413799265,56.09717665732804,4.557346552610397,4.546428471803665,-1.7246432602405548,0.13536482071060169,-5.861159496611777,0
STABILIZE,17.133504152297974,29.668352514270758,-3.089840124986965,70.0333868243598,57.59279860759129,1.34546493529585,-10.0,40.0,0.0,-0.639955908305667,-2.407999627030686,35.24747807979594,-1.9380342879795418,0.6015602190626026,-0.32026407801581536,0.36473676771690067,-6.82190413704002,66.01596495192933,56.05974112201447,15.200251340866089,7.354907691478729,1.344630029052496,-0.3631925274738429,-2.306995429914772,0
STABILIZE,17.168630599975586,28.47456890699253,-3.0751233636208557,69.76962292128728,57.440907955226855,1.1276574196761178,-10.0,40.0,0.0,-0.9118795596247733,-1.8848587899133071,35.32052353787464,-1.7622228031164424,0.5447275027705929,-0.5631693263031076,0.36503745218446837,-6.777727645381886,66.09935999296755,55.808153046919884,13.627471029758453,4.952944442629814,1.8684372305870056,-0.681680966335068,-1.0409088766788956,0
STABILIZE,17.20414400100708,28.164435073394127,-3.0111372496513997,69.4950937146432,57.27786971671261,0.8956519535127138,-10.0,40.0,0.0,-1.1385876254426597,-1.3003497703204219,35.372149522716185,-1.7268883328661997,0.6552094463196517,-0.7700664101555695,0.36536294991270885,-6.442141677384791,66.07741697370672,55.74460770635091,15.432339906692505,3.792404383420944,1.0224582627415657,-0.8119629243043291,-1.8584355627788782,0
STABILIZE,17.239567756652832,28.234014338123927,-2.953709862355026,69.23740661234234,57.22321314382114,0.7269107783547053,-10.0,40.0,0.0,-1.0295780197326676,-0.9500652262836105,35.371193296232384,-1.7334830952017732,0.65345886259523,-0.5220877408533231,0.3654729594979793,-6.153221240119535,66.75938792821242,56.04213132609211,13.562172651290894,1.343558356165886,5.999847501516342,-0.9297265411974402,1.4425060706290742,0
STABILIZE,17.27073645591736,32.09058774923108,-2.8644573255865478,69.02899863829148,57.190072994552565,0.567241207432243,-10.0,40.0,0.0,-1.014367828781284,-0.7284911148440465,35.3161829526571,-1.7616330440269259,0.7510681889389647,-0.6769303807285798,0.3655480424478713,-5.5864934080849835,67.35457195483818,56.20369840394115,13.562172651290894,1.343558356165886,5.999847501516342,-1.0639492457400648,1.4425060706290742,0
STABILIZE,17.30498170852661,29.20702477612356,-2.7775268387321552,68.83572922787374,57.10718689968803,0.4770583381224993,-10.0,40.0,0.0,-0.9538862902374096,-0.5563446278286319,35.20666086931595,-1.809041197536111,0.7411602244069023,-0.243596096735467,0.3657078642122979,-5.1166592238952795,67.57926000456743,56.257202785888055,11.85612827539444,-1.096051186323166,1.2364240363240242,-1.1020642083391228,3.751484389837265,0
STABILIZE,17.342307329177856,26.795356830276432,-2.732970130932681,68.56953192785002,56.98526033565998,0.29234694955283796,-10.0,40.0,0.0,-1.0158275682729627,-0.6253875416928529,35.06807633105639,-1.6953726901036157,0.6560332511080396,-0.8080335474016148,0.3659438549230343,-4.436361410139,66.95293376072205,56.13282764840111,6.8859584629535675,-3.5977695137262344,-0.6892806850373745,-1.1215093771979683,-1.7388923112648456,0
STABILIZE,17.371346473693848,34.4433458702186,-2.615027258866809,68.32082837192678,56.84248452980251,0.20383682904927575,-10.0,40.0,0.0,-0.9845508514030049,-0.5499542921689974,34.89063826170321,-1.5785080848904658,0.8723616853069743,-0.4899841769798967,0.3662492952168848,-4.644493438490339,66.36686867424018,55.83186674022022,12.239958345890045,-2.0554086193442345,-1.698698103427887,-1.1691581219309441,4.5393044488027465,0
STABILIZE,17.4113712310791,24.988852943454457,-2.4085341451149893,68.1105183594446,56.70929438857914,0.20223969614826337,-10.0,40.0,0.0,-0.901524992843034,-0.44002826717146015,34.644898300649906,-1.7811735192344078,0.9663422822505566,0.11335695543181147,0.3664906899589009,-4.050816798929832,65.84521759742759,55.58975978864449,16.812273859977722,-1.1399800889194012,-2.03348807990551,-1.0675326366171083,6.459858020761952,0
STABILIZE,17.446504831314087,28.470703231061634,-2.156777400658252,67.83136808106447,56.547604891327,0.17547394910424494,-10.0,40.0,0.0,-0.8578880348137332,-0.365097063232027,34.32762918351364,-1.58091540637632,1.136080202037639,-0.048679712097223854,0.3668261464779422,-3.5917176341155725,65.90603715185244,55.778233982207354,16.812273859977722,-1.1399800889194012,-2.03348807990551,-0.8637285863760517,6.459858020761952,0
STABILIZE,17.479026794433594,30.7518329520793,-1.9689826077850823,67.54447267179498,56.485832768108715,0.21743064627335393,-10.0,40.0,0.0,-0.7677481073463709,-0.3512595268604043,33.963750855481216,-1.5164667537316232,1.0443295849138723,0.3851131056037961,0.3669538819973244,-3.356791577771672,65.5843739658477,55.65162812026372,12.932172417640686,-4.727328568696976,2.5376159697771072,-0.7473777941214488,8.316696173048694,0
STABILIZE,17.518518209457397,25.326699193275687,-1.7482026605874326,67.28382553197237,56.43077351703573,0.28911985020203157,-10.0,40.0,0.0,-0.7487834467855957,-0.3484477567586069,33.60200696156441,-1.636714288573619,1.0536423978076404,0.5358908560751502,0.3670491535013022,-3.0590117561638643,65.6897201264554,55.775412905001616,14.632748067378998,-4.903968796133995,1.7298409715294838,-0.7248663070892092,9.272155114342498,0
STABILIZE,17.546778202056885,35.39377573752785,-1.5680626279591008,66.96773557388583,56.42788481410383,0.3781646336196287,-10.0,40.0,0.0,-0.693223806590656,-0.40220275958920887,33.31167952560927,-1.314095138447744,1.1268894404101986,0.8594990804267975,0.3670806880841272,-1.9176752546677007,65.34693733571117,56.0804927833766,8.631454408168793,-7.751563191413879,3.9165735244750977,-0.23977265049678642,8.76110328516922,0
STABILIZE,17.5841543674469,26.758944521002398,-1.3316737331708692,66.74202411573705,56.44356155490377,0.5071286056647863,-10.0,40.0,0.0,-0.5757068267434429,-0.4065429712807817,33.027113354219026,-1.6388681508680845,1.1361907014030777,0.992506826615225,0.3670282634387992,-1.9176752546677007,65.34693733571117,56.0804927833766,14.537851512432098,-5.862223356962204,3.6628849804401398,-0.23977265049678642,10.529033718803552,0
STABILIZE,17.623911380767822,25.15777351247601,-1.1634660524662868,66.38432285338436,56.43189781899865,0.6663182031377506,-10.0,40.0,0.0,-0.41921198501537693,-0.36580110632506724,32.21415008825826,-1.4207177778951103,1.004401571605568,1.2011081479390613,0.36704651832200424,-2.5476885042918256,64.85213958628475,55.929030315476375,9.060226380825043,-8.758215606212616,3.806208446621895,0.4894725088170312,10.660257020685128,0
STABILIZE,17.652095556259155,35.48870857200877,-0.9922208660981735,66.01860444295191,56.449026755792666,0.8835105887388156,-10.0,40.0,0.0,-0.4067616173755015,-0.4145237004803978,31.825259607485243,-1.1392769568425125,1.149163827990946,2.07563104543668,0.36703848429283603,-2.5476885042918256,64.85213958628475,55.929030315476375,9.013942629098892,-9.306863695383072,5.305671319365501,0.4894725088170312,13.694765781175578,0
STABILIZE,17.68226647377014,33.15314631697928,-0.8070523682014494,65.81109019614517,56.461573826994076,1.1491308247470295,-10.0,40.0,0.0,-0.2901002788043912,-0.5158123643030722,31.406726105714373,-1.5288225175948185,1.1559393091354409,2.449427972941809,0.3670086806774407,-1.7037686394076077,64.67840711664218,56.010773079117435,12.936301529407501,-7.185816764831543,2.682252414524555,0.7378678693848264,16.468549145573714,0
STABILIZE,17.714232921600342,31.28793405691694,-0.6229959937166657,65.5073393782043,56.535869723154704,1.427543477565835,-10.0,40.0,0.0,-0.1265827753099356,-0.408027550249481,31.081472497438366,-1.3424981539776828,1.142857655671412,2.594853185106005,0.36685582170610187,-0.8410999240434208,63.63370701722759,56.32591352577438,9.263855218887329,-8.857052773237228,6.212213635444641,1.7527095186502302,14.620941993950245,0
STABILIZE,17.748577117919922,29.122055198750218,-0.40932786380192054,65.18979798834111,56.62831461312025,1.7196510215559295,-10.0,40.0,0.0,-0.18199121752820954,-0.4509176697817232,30.652372693021483,-1.3423164235375493,1.1887628164288633,2.7321533108744624,0.36666554475265484,-0.7643108907103495,63.41600908666128,56.391430400663495,10.237449407577515,-8.233162015676498,7.427505403757095,2.0795695950610478,14.468775624526115,0
STABILIZE,17.785064458847046,27.4166187313706,-0.14586847014710058,64.88202646175094,56.65840860971662,2.01298469271207,-10.0,40.0,0.0,-0.17997273654591212,-0.4941557020748129,30.269571325893533,-1.3785345722175808,1.2779555046489393,2.8251890688659462,0.3666009775774088,0.21268113684006149,63.76935610165346,56.72123977014122,10.219931602478027,-8.047839999198914,2.4814745411276817,2.521111515808707,13.0388063661186,0
STABILIZE,17.816787719726562,31.52711255430779,0.12764283844896954,64.58041423819198,56.620192589482706,2.2656538473051953,-10.0,40.0,0.0,-0.14718580081744106,-0.36313586512530777,29.982836569441815,-1.3014369149624188,1.394131792228011,2.9496375678089515,0.3666876451617147,0.5926258802577838,63.34978164497742,56.955795876342336,10.733485221862793,-7.763683795928955,-2.632354572415352,2.914511376406277,9.568652772439107,0
STABILIZE,17.848857879638672,31.188358379869573,0.4398477863871022,64.30574415854477,56.67131254170223,2.518702191493962,-10.0,40.0,0.0,-0.1072552075886507,-0.3049515646592319,29.460214399814532,-1.3542486122820918,1.4913719119469084,3.0839002291017046,0.36658442636150446,0.8745212879409977,62.92253267804435,56.90281818651455,14.1154944896698,-6.565762311220169,3.0648162588477135,3.3482389674763415,9.433029121184747,0
STABILIZE,17.884355306625366,28.17616552465404,0.6972956584376493,63.996706104910096,56.756645145431634,2.8254823494508,-10.0,40.0,0.0,0.004257715813003808,-0.20826799580188,29.065227975207282,-1.321529591530338,1.3376987237433202,3.4229761366318208,0.3664060848491266,0.8328915569050568,62.51135893885487,57.1653357418901,10.508398711681366,-8.114834129810333,4.49688695371151,4.183589350499618,10.697019660119077,0
STABILIZE,17.91799521446228,29.748524738992284,0.9423891695859234,63.652733056812366,56.869244294533395,3.156260266028686,-10.0,40.0,0.0,0.16454943568829608,-0.09382133939903971,28.780917935910914,-1.202002663267487,1.365614341847139,3.8743739340208965,0.36618553071283705,0.713532690358291,61.97656962549913,57.12782244782822,9.339950233697891,-8.181378245353699,6.339168548583984,4.296715134037665,11.362951151364271,0
STABILIZE,17.95624279975891,26.142508102717528,1.1670960446432266,63.324889416328325,56.990234528650824,3.518884271211191,-10.0,40.0,0.0,0.8356676151746835,-0.022378701268936877,28.21677675386642,-1.297143009100977,1.2679603206918857,3.9952048379005887,0.3659317712556601,0.8692628992576676,62.209659963619075,57.45888531798914,8.62179696559906,-9.38868299126625,5.86487352848053,4.734710022932109,13.199009306874895,0
STABILIZE,17.988630056381226,30.881115585955044,1.4218635283897767,62.961270443021284,57.15540229003208,3.8689351541272154,-10.0,40.0,0.0,1.5799089861622206,-0.19972257537654778,27.756792541570032,-1.1134471463769575,1.4386167496398503,4.4831624491690505,0.3656151560583706,2.159619355279106,62.35238569852783,57.842132234024874,5.29651939868927,-10.280599445104599,7.323766499757767,4.808562317216772,10.96626998606921,0
STABILIZE,18.0226731300354,29.380312274532603,1.6148964110153086,62.644715519549635,57.245615293576606,4.260984795624108,-10.0,40.0,0.0,2.183736128605429,-0.3342386154074532,27.401714912283165,-1.2152774236015715,1.2874804889663691,4.859024934878743,0.36543078890216085,1.5610328848717991,61.732095364074496,58.01365169525671,6.4370229840278625,-9.680825471878052,2.469683811068535,5.606820594682423,14.053602575826892,0
STABILIZE,18.066038846969604,23.06374788982552,1.747344454510853,62.29174781922547,57.33820756625761,4.62772675682261,-10.0,40.0,0.0,2.6990839333232346,-0.647572636447289,26.91404965082801,-1.2572878575342123,1.1063550506821347,4.473381800251053,0.36522443824287315,1.6518401788980812,60.74012041092095,57.84428265762683,2.184096723794937,-9.204387664794922,3.1444184482097626,6.049079052881175,11.280057414276058,0
STABILIZE,18.08955144882202,42.54418939616785,1.861988252924461,61.9137240002782,57.45182140401435,5.070593775206095,-10.0,40.0,0.0,2.9081030898512576,-0.766900310115643,26.54322672795697,-0.7414742980681794,1.279762120087856,6.795602121287256,0.36504212463099134,1.704977981113934,60.658388622996966,58.221725255786026,-2.0896224305033684,-6.844568997621536,2.8187723830342293,6.49281626597808,11.677397692826027,0
STABILIZE,18.122878789901733,30.010117126850453,1.9230928827899778,61.76346135013359,57.518020389824855,5.400423913247853,-10.0,40.0,0.0,2.810932336407013,-0.8906253983098688,26.12762679243462,-1.4634900586856794,1.0010851456137804,5.220030049980993,0.364887299317572,1.6656085136585408,60.41609239806864,58.19405622883156,2.9277151450514793,-2.9147833585739136,1.6347702592611313,6.813684206990928,12.841977389711758,0
STABILIZE,18.157146215438843,29.187106830707567,2.0573975089011665,61.54482688291736,57.6277481897858,5.910059917358021,-10.0,40.0,0.0,2.5619348020064363,-0.7499054120784762,25.638120794998144,-1.352301950194274,1.1593736732300477,6.5174395626688275,0.36466543209963687,1.6354196516466444,59.33583624988253,57.87157902621263,4.207012802362442,0.46402765437960625,4.662878066301346,7.487002036193486,18.475373129392057,0
STABILIZE,18.190117120742798,30.3356935695016,2.358313232481906,61.42312412618131,57.83670084057911,6.340005316910529,-10.0,40.0,0.0,2.0626441316970965,-0.36673793613884326,25.120906427646222,-1.5688662816002859,1.521121034833606,6.41384400686004,0.36425037413446254,1.893582380924502,59.27373957112682,57.929378079995686,14.926178753376007,5.97207248210907,10.790973901748657,7.592702650397186,13.662615226978682,0
STABILIZE,18.223278284072876,30.1605280945738,2.584527467085485,61.32174600956943,57.99748973910167,6.7806683433043515,-10.0,40.0,0.0,1.5013942541056315,0.02026581826776913,24.604738786784605,-1.5976381187598219,1.3656828669298176,6.730796221089915,0.36392822546385284,3.1000902398875354,59.51253112935629,57.64619871801013,7.306778430938721,5.363825336098671,8.79245400428772,7.792347207102046,15.24751964274512,0
STABILIZE,18.2576847076416,29.06917463111715,2.6650339008521895,61.256804802418884,58.1754843506216,7.2918621096747795,-10.0,40.0,0.0,1.0257219510593725,0.3041687609473249,24.140509611919054,-1.6424860258254557,1.0372478302350623,7.339081460862239,0.3635687632712139,1.9517538415265268,60.25850533391967,58.924421438158724,1.2592244893312454,4.915667697787285,6.355632841587067,8.508749165190544,18.284906474197083,0
STABILIZE,18.29139494895935,29.671920541045303,2.776722931629977,61.21872139418048,58.41903136570535,7.801512124991806,-10.0,40.0,0.0,0.559530804354737,0.7587035495030988,23.636810481387293,-1.7084584351737757,1.094759580066933,7.708579042263139,0.36308326755134396,3.115047938953424,60.638144860721624,59.33606922883925,0.3362581832334399,5.083348602056503,9.409882128238678,9.288624291799957,16.33894289097814,0
STABILIZE,18.328057527542114,27.280913200429282,2.8606103900746667,61.16767018041931,58.66357519393978,8.28277389635578,-10.0,40.0,0.0,0.31127832086264706,1.060748548505373,23.12225647271709,-1.6883212374678305,1.0197034463775114,7.593877873449611,0.3625867818109176,3.1784090199350747,60.265321567100145,59.17303288294129,-0.7580748293548822,4.320529103279114,10.429716855287552,9.542160316874735,15.225125160003941,0
STABILIZE,18.358925819396973,32.40195911808785,2.934297299051155,61.09813671427759,58.879532504656005,8.800140131889494,-10.0,40.0,0.0,0.002950241515048828,1.4158953334575872,22.59350079321514,-1.6392974793178694,1.0279232427696574,8.64055620594015,0.362168415937573,3.2667071838581925,60.31939849291949,59.23298065827176,-2.018534392118454,3.208009898662567,8.119910210371017,9.786975781483363,16.026379774180015,0
STABILIZE,18.394867658615112,27.828265470637803,2.984977043997985,61.0856064527938,59.021785656647694,9.2572089663923,-10.0,40.0,0.0,-0.04978724989220634,1.586708119315851,21.948715567640303,-1.7592761284489995,0.9316558266856407,8.093612557909285,0.3618714378467136,3.0721785429176576,60.88728163239211,59.57022381908117,-0.8240468800067902,3.2432332634925842,4.102084040641785,10.484062715730964,15.054568506239551,0
STABILIZE,18.433258533477783,26.051577639751553,3.042950796617904,61.093822394233506,59.29551800176849,9.759399824598834,-10.0,40.0,0.0,-0.1781232493847196,1.5433080301125321,21.449618277061838,-1.806696234473451,0.9223267430352788,8.471173006241814,0.36131788453907093,4.031318469700423,61.56077586403672,60.15219236807941,-3.4918945282697678,3.0170712620019913,10.401324927806854,10.641848121622798,16.597299918975747,0
STABILIZE,18.45944094657898,38.20366524574635,2.9868346897914684,61.10821997490632,59.50518607049911,10.19472153509066,-10.0,40.0,0.0,-0.167967318377866,1.5832622888795795,21.10403631826858,-1.7904982088281847,0.6476227611862138,9.451149194981907,0.36092747682771326,3.2184118387858858,61.44097898465715,59.92857038525517,-7.685043662786484,2.9845425859093666,7.93197825551033,11.444823391101123,12.575765644168634,0
STABILIZE,18.49272060394287,30.053984336373862,2.9225362432949953,61.171305082013966,59.73752199055458,10.600162576339914,-10.0,40.0,0.0,-0.08593002297854863,1.6365467290289648,20.68412994847454,-1.887546947695041,0.6279201592260847,8.789201751206141,0.36044518984644375,3.382044092919009,62.00418824758367,60.361268198719095,-7.3243647813797,3.27734611928463,10.180816799402237,12.399646480800648,13.08866077064417,0
STABILIZE,18.527226209640503,28.98600562539305,2.8573395396799066,61.21130073693985,59.99615979349031,11.064356193855595,-10.0,40.0,0.0,-0.12635305683824105,1.636060184772307,20.25253541746331,-1.84890362017613,0.6179031271062732,9.33310099683163,0.3599249935593001,3.6245086111023546,62.16691872288665,60.565510371982285,-9.553052484989166,2.7041513472795486,9.57510694861412,12.587552137003238,12.100381916614808,0
STABILIZE,18.574004411697388,21.380311556969254,2.8310689202338817,61.260663358194506,60.350433673114075,11.504418354355332,-10.0,40.0,0.0,-0.06635104559886906,1.4964695809923467,19.95767785854115,-1.8693909181142605,0.6935247551347254,8.784787184855329,0.3591862483997164,3.8170211381322923,62.19907690735175,60.66422856673705,-7.105828821659088,3.057839162647724,15.657427906990051,12.8647587320267,10.536112356104622,0
STABILIZE,18.60983180999756,27.916244026463268,2.7989431169891215,61.358572286945325,60.721672909398336,11.961693728831136,-10.0,40.0,0.0,-0.22882579798656055,1.512823081577767,19.62424339118676,-1.9838334294469,0.6289074441571368,9.72969066634688,0.3584696347778592,3.844614690333918,63.21494607676985,61.24273318715656,-7.105828821659088,3.057839162647724,15.657427906990051,13.246089515059307,10.536112356104622,0
STABILIZE,18.639237880706787,34.01347789770746,2.629856951230337,61.46010119586258,60.9808125237459,12.387235457884382,-10.0,40.0,0.0,-0.30343878447977984,1.2288689591701825,19.312525510298425,-1.9659931490417173,0.2557476256623094,10.0,0.35796668043949315,3.2897367569116573,63.111161671245924,61.30209649983418,-14.489157497882843,3.629523515701294,7.96944722533226,13.857114515930254,8.214980142155218,0
STABILIZE,18.663270711898804,41.63122214612552,2.4481963708781356,61.56867347027679,61.22397719847509,12.745806117434235,-10.0,40.0,0.0,-0.5341220203946137,0.8636260874076315,19.02842720686633,-2.0130781832684734,0.08292091380462702,10.0,0.35749362633907067,3.346381400930258,62.87327686213669,61.243134302389024,-14.930364489555359,4.210545867681503,10.236476361751556,14.066597779268477,9.254733863090735,0
STABILIZE,18.696627378463745,29.98265792652851,2.290835312917991,61.730310724915675,61.428045369435054,13.018757513313888,-10.0,40.0,0.0,-0.6877116304870441,0.508941887689127,18.869869487926362,-2.0857228772900167,0.25238823037486346,9.439056288927773,0.3570615067429556,3.125794913797538,63.9131732913015,62.1317518425644,-12.881921231746674,4.571222886443138,8.239787817001343,14.54891602543509,7.603443423686357,0
STABILIZE,18.731168031692505,28.956788887584832,2.0878488179434482,61.90682633960522,61.73533745400081,13.349386875590463,-10.0,40.0,0.0,-0.8965844181955875,0.08766387717152693,18.754485394730043,-2.096073287707328,0.13370465134732729,9.927841749480717,0.35644419773158637,2.931041496634343,64.56070830460278,62.559032914281765,-15.367530286312103,4.537587612867355,10.154677927494049,14.923288638902317,4.3099552342101815,0
STABILIZE,18.764312982559204,30.176802814570728,1.8468330853144248,62.08086502082962,62.04713049414052,13.618439161536456,-10.0,40.0,0.0,-0.9039608090557898,-0.4620036537740357,18.708258674427398,-2.089542930214149,0.005698063829575828,9.789058907629899,0.3558231977526506,2.931041496634343,64.56070830460278,62.559032914281765,-17.78220385313034,4.451761767268181,10.74012666940689,14.923288638902317,0.9972589519623425,0
STABILIZE,18.799187898635864,28.68233572449447,1.5819674941868327,62.25827232522767,62.35397462307975,13.84362721196409,-10.0,40.0,0.0,-0.9488688759618005,-1.0944180727406565,18.720433486622944,-2.0831283541884744,-0.052573276213037645,9.6030240165701,0.355205432286018,2.6145727226263773,64.62332240230842,62.932314761142166,-18.531768023967743,4.607155919075012,10.801912099123001,15.15365991042201,0.19323917838947186,0
STABILIZE,18.832677125930786,29.861624115393926,1.3228033642986712,62.47826481132733,62.68066036453743,14.06984984710784,-10.0,40.0,0.0,-0.8867449437268023,-1.425328785196727,18.78455871764561,-2.183749886969993,-0.1174252134911431,9.791716442831838,0.35455463887670813,1.7649418272353707,65.84007344678801,63.79653589918357,-15.511301159858704,4.097325727343559,9.606866538524628,15.636542953655544,-1.372956815631773,0
STABILIZE,18.86726427078247,28.918456415171093,1.0455850152348298,62.72378944848683,63.00877303093534,14.225060965099612,-10.0,40.0,0.0,-0.7947095320430557,-1.9977654454316145,19.05975728458918,-2.225518186710588,-0.1816283441772772,9.435175004912528,0.35389553697669723,1.0770613087778131,66.602330336963,64.37840749539293,-14.957281947135925,3.8860131055116653,9.032194316387177,15.863788010737007,-4.482032031951721,0
STABILIZE,18.903167486190796,27.857283281528122,0.7516087319146973,62.96823989157694,63.35295873880874,14.339520989109323,-10.0,40.0,0.0,-0.6854894711292627,-2.4024972693240056,19.35783015506312,-2.2136579765469135,-0.21857239920605487,9.238739229105839,0.3532027303708808,1.0537039166771085,66.8927845620048,64.63187216661521,-16.22956693172455,3.3173058182001114,9.624986350536346,15.816078197040003,-6.213870038464412,0
STABILIZE,18.935537815093994,30.89886034638987,0.4603761096940373,63.28205024042923,63.70801099349263,14.380408717329235,-10.0,40.0,0.0,-0.6726361223283566,-2.7239803997347543,19.594605492830784,-2.3986200262872868,-0.3545075146296953,8.880572605350556,0.3525013908315195,1.0293650912306107,68.17341897344008,65.51776004899617,-15.723621845245361,4.463788494467735,8.287123590707779,15.621459102286178,-9.420453035375461,0
STABILIZE,18.969385147094727,29.550878923450874,0.20972724043335733,63.62540067617693,64.06930290145645,14.375071747797282,-10.0,40.0,0.0,-0.5732089518587752,-2.9922646808041544,20.142209079347385,-2.474823768412746,-0.2822930100290871,8.593525269007348,0.35177460231743374,0.8906943013149213,68.88834527138417,66.03759515737701,-13.589973747730255,5.113824084401131,9.379978477954865,15.519689933363626,-9.665320439762295,0
STABILIZE,19.002843141555786,29.89397459837783,-0.021050531829357934,63.97270551438417,64.50659177755239,14.247896988532048,-10.0,40.0,0.0,-0.39760505510201183,-3.0378811663931424,20.6735243722408,-2.526478331530866,-0.28052551581398505,7.779460295420664,0.35090150412481036,0.6024825823503972,68.83644369592423,66.17794060751406,-11.269554495811462,5.908003449440002,13.975316286087036,15.395844009888275,-16.545347792601337,0
STABILIZE,19.036155700683594,30.023650680028634,-0.2692369423661005,64.27489620997446,64.92806096376674,14.101224487776266,-10.0,40.0,0.0,-0.17880829601413073,-2.873190151021914,21.231779638768035,-2.4407729024511924,-0.30278689364972433,7.59047764736267,0.3500563346403537,-0.03366699219935672,68.02684077220388,66.23752073666083,-11.269554495811462,5.908003449440002,13.975316286087036,15.335555491316637,-16.545347792601337,0
STABILIZE,19.077614068984985,24.12529981881453,-0.4029784789143959,64.62958833147162,65.34272303193437,13.818646562917698,-10.0,40.0,0.0,-0.11524620875244827,-2.7396590989745184,21.69437639842195,-2.5100473148489426,-0.021690439147818985,6.925808385252498,0.3492063676897783,-1.0754372985460097,68.31024823929158,66.87979719436201,-0.9401282295584679,8.958961814641953,12.375593185424805,14.70177836897382,-22.522670023974815,0
STABILIZE,19.1036217212677,38.456567582931434,-0.5300523115564237,65.01292277933575,65.84075640199099,13.508246117200484,-10.0,40.0,0.0,0.2008519311475535,-2.1737299014713605,22.59856879357929,-2.8974064468847356,-0.23127590493764966,5.721864959661616,0.34824988026083403,-1.1533300151069297,69.14267062111148,67.48133407886496,-0.9401282295584679,8.958961814641953,12.375593185424805,14.108550727051156,-22.522670023974815,0
STABILIZE,19.137526750564575,29.500165284606023,-0.6415855290698564,65.35950400687251,66.35679557701964,13.160164867906605,-10.0,40.0,0.0,0.3521349383325031,-1.7541014349991715,23.328820176238494,-2.662878442575535,-0.054217454244438024,5.844485933049336,0.34719634290684986,-1.9234056889734417,69.03854730181439,67.77343714365085,-1.0531090199947357,9.554638713598251,22.602897882461548,13.712942772475188,-22.33894476549064,0
STABILIZE,19.170451641082764,30.378098066198305,-0.8432306444413031,65.73736388772286,66.91878701732998,12.789049682730305,-10.0,40.0,0.0,0.38037342164099525,-1.3130450642750657,24.125338054225164,-2.723893041712307,-0.27310786436711165,5.4176458194844965,0.34607435165274947,-1.8812194815241499,69.24792953532693,68.13311753889437,-5.051206424832344,9.814654290676117,20.84093689918518,13.343846571123569,-22.831625093343877,0
STABILIZE,19.204045295715332,29.776190712830378,-0.9532396098845018,66.14763320810127,67.50472128473366,12.277001816834128,-10.0,40.0,0.0,0.2704523592027768,-0.6723866603410924,25.330929621982236,-2.84310778804725,-0.07951213230106069,4.31977540427766,0.34489978706017344,-1.7031168185743755,69.3907722460427,68.46083283579932,-0.014514356735162437,12.300150841474533,23.001712560653687,13.000566872836027,-30.50435224842355,0
STABILIZE,19.238218307495117,29.26653362546576,-1.1341877824218947,66.58134443226743,68.1138998942163,11.73753114701844,-10.0,40.0,0.0,0.20127703038210748,-0.27594465838868687,26.26456013246233,-2.877380694729603,-0.22191525068021956,3.875528019262109,0.343679379095143,-1.176362128505784,70.09502813453761,68.93558759629742,-6.638065725564957,12.268830835819244,23.679402470588684,12.595644716411044,-30.90142871091683,0
STABILIZE,19.270992517471313,30.517567793712118,-1.3329806735289107,67.07296184730446,68.77887580287668,11.105760373474006,-10.0,40.0,0.0,0.08396047389835197,-0.12407329443976417,27.18203212291346,-3.0498403489032486,-0.2965126292103774,2.7983794173273737,0.34235230972395986,-1.7647425964899859,71.69059131655713,70.55941363181131,-6.638065725564957,12.268830835819244,23.679402470588684,10.555605709289075,-30.90142871091683,0
STABILIZE,19.304929971694946,29.473423841245747,-1.6060277210806417,67.53218513225379,69.45848631115247,10.47082430311946,-10.0,40.0,0.0,-0.12543415627103632,0.07403772314852422,28.577159732591095,-2.958511295172516,-0.4074771025489716,2.5564513212944657,0.34098833884024776,-3.00863779192019,71.25744741115892,70.68466789791049,-8.738137036561966,12.432852387428284,25.936588644981384,9.630128438406555,-29.190893210651762,0
STABILIZE,19.33822512626648,30.0384871554311,-1.974580205119126,67.96893500000596,70.0757198353787,9.725603412992601,-10.0,40.0,0.0,-0.07286677926279678,0.1012165999908454,29.762006308291546,-2.9317507263136973,-0.613966266853251,1.3598068990353465,0.3397552143400614,-4.014430457279074,71.42217446035839,71.13846236469337,-12.598143517971039,10.92396005988121,21.040895581245422,8.79236175369402,-33.54428844798322,0
STABILIZE,19.3707275390625,30.771461061589818,-2.380672738635775,68.35933214080487,70.68769370709587,9.03119314091431,-10.0,40.0,0.0,0.01940552792735826,0.18119619418099064,30.806533477683256,-2.875516863416373,-0.7052025130354879,1.150998445824155,0.33853259850788575,-4.70418525780268,70.76520077308828,71.16173458875292,-13.896188139915466,10.790353268384933,22.44512289762497,8.506905206761793,-30.660739674754748,0
STABILIZE,19.405924081802368,28.417078822206264,-2.7108966939083414,68.70561058513897,71.23469289124645,8.334569357560031,-10.0,40.0,0.0,0.17875896390563326,0.003422621800317273,32.03247388652509,-2.799566978193745,-0.4697965236854703,1.0352521856144614,0.33743050293055005,-4.370082378297703,69.94286599406469,71.42189143928582,-10.40133535861969,11.138394474983215,19.20248121023178,7.75370325374041,-29.888607279652316,0
STABILIZE,19.438998222351074,30.241641611328618,-3.0036791362886293,69.1355660539814,71.86262104725239,7.535871900196476,-10.0,40.0,0.0,0.42921623779788864,-0.05502260990134095,33.047948846282154,-3.0445420328454462,-0.45168872245804836,-0.3202929712442497,0.3361799232543812,-4.503077117095627,71.71223237745062,72.51757830572839,-7.722592353820801,11.693347990512848,21.129456162452698,6.167256715408383,-31.193815448906733,0
STABILIZE,19.472334384918213,30.00260375684917,-3.3507353662990793,69.48678190794357,72.45116451861036,6.743510603595178,-10.0,40.0,0.0,0.6627662321734237,-0.2070950975749154,34.188300154634554,-2.899807177304583,-0.531200393270027,-0.7069100787055831,0.33500104600997715,-5.360117000247326,70.6646605406008,72.57956478284746,-10.31341478228569,11.149057745933533,21.263834834098816,5.701812953996447,-31.889244819629923,0
STABILIZE,19.507920742034912,28.105929023265787,-3.6839986151389787,69.84970081344211,73.07223967494953,5.894009760529486,-10.0,40.0,0.0,0.9773534328433982,-0.3278023093730533,35.38610018409594,-2.9170124743643804,-0.44464458117313627,-1.230586743905473,0.33375134607394463,-4.682908337136039,71.0375531068509,73.20159311364733,-11.720243841409683,11.393323540687561,22.551555931568146,4.400830792172339,-32.666786724555,0
STABILIZE,19.540751934051514,30.464591292726507,-4.0352206930745105,70.2332165779559,73.67832586291507,4.9902386993288115,-10.0,40.0,0.0,1.068648409332433,-0.526719962964171,36.272682644025686,-3.03849068861867,-0.5341767147642429,-2.506387255739338,0.3325465018495551,-4.979699506720147,71.67547824719534,74.04597877976823,-12.146130204200745,11.006972938776016,19.049879908561707,3.6791890227252235,-33.518449842353064,0
STABILIZE,19.57397484779358,30.105541200114843,-4.452818424117562,70.58185636359606,74.2071428780487,4.065152433817644,-10.0,40.0,0.0,1.1616087780401876,-0.5128865887390738,37.08113457003966,-2.9852759384976952,-0.6503546737308442,-3.13039340884193,0.3314871083436553,-7.17942835981278,71.6263862787994,73.7560047251699,-12.146130204200745,11.006972938776016,19.049879908561707,1.89080310862597,-33.518449842353064,0
STABILIZE,19.611910104751587,26.36517584938869,-4.686697379282487,70.90220872755545,74.90529570318127,3.2429393610345896,-10.0,40.0,0.0,1.18558380924399,-0.5891076578950079,38.18695244194848,-2.9107790624325256,-0.17499858183829678,-2.393531725285099,0.33007586368185776,-4.426043679597635,69.78131779571342,74.4405969110284,-8.25941413640976,14.897367358207703,28.443726897239685,1.4165817004736136,-27.27288217661109,0
STABILIZE,19.64740562438965,28.177111954586678,-5.100503907169001,71.3507698144693,75.7269412892561,2.3218005398577084,-10.0,40.0,0.0,1.2402351410010242,-0.6202971297704893,39.33943758136141,-3.201133851461981,-0.5601990919802525,-3.789639511647712,0.32843844418790585,-5.822468774749993,72.38961644560993,75.81170187737779,-14.586958289146423,13.847324252128601,28.879955410957336,1.0001612368219586,-28.923153210281846,0
STABILIZE,19.680805206298828,29.9477630056978,-5.510950039175416,71.73112470046881,76.39891134052745,1.4843591989147369,-10.0,40.0,0.0,1.1963445588379338,-0.7357701221477232,40.289885725125366,-3.157066529101239,-0.5953412655606771,-4.130661307736116,0.32710024371287183,-6.3960321646365035,71.46765107106967,76.45865756750922,-14.587409794330597,14.196634292602539,21.563930809497833,0.05082187676382777,-25.340718990610156,0
STABILIZE,19.71447730064392,29.705123302029772,-5.97904407922496,72.08842384802851,77.11976943736725,0.6362854933984301,-10.0,40.0,0.0,1.1529694425137678,-0.8093852606918859,40.92946122391078,-3.1407842948115334,-0.7033214100435874,-4.6619779476165055,0.3256567236149718,-7.147342232671713,72.02779369532385,78.4676266987628,-18.212659657001495,13.362443447113037,22.955794632434845,-2.43551951103069,-23.323173317342185,0
STABILIZE,19.748462200164795,29.430201309317486,-6.340995814028711,72.40742439259284,77.87428339410914,-0.19707437250860782,-10.0,40.0,0.0,1.0092695194526926,-0.9019894457065948,41.944232674183326,-3.093125156913789,-0.4600877454104044,-5.013816125726294,0.3241453825864973,-6.28607411713549,70.47668293869717,78.83343437253396,-14.346979558467865,15.86960256099701,25.462499260902405,-2.9650252634737546,-22.733198652309408,0
STABILIZE,19.789278745651245,24.50373313080563,-6.558287578659795,72.87509218425494,78.6709293448746,-1.0589161616562706,-10.0,40.0,0.0,1.2304562311002698,-0.9708077637409988,42.645877517051225,-3.2671470552401223,-0.05938753577985166,-4.871044271282153,0.3225300831732698,-3.126817498287112,74.31557232614446,80.80856491720742,-14.537858963012695,15.126578509807587,23.948056995868683,-4.556828897278129,-21.467779750064903,0
STABILIZE,19.816507577896118,36.73478253253692,-7.164643074725038,73.21287791795537,79.58449368823402,-1.9880487496566654,-10.0,40.0,0.0,1.2546782163312507,-0.8643698309752224,43.246319446987044,-3.3936152045037655,-1.238091964917913,-7.998858922649635,0.3207440961096294,-10.758993874189606,69.89952021278174,80.36633443516907,-14.777037501335144,16.290999948978424,27.10605263710022,-5.536789742021233,-17.652796372174496,0
STABILIZE,19.848469734191895,31.291902296363716,-7.351951079489586,73.48125820378338,80.25646658969892,-2.700140475616788,-10.0,40.0,0.0,1.353912540678485,-1.0217196736491565,44.03433544700434,-3.117057059950888,-0.079790687797856,-6.065316315019714,0.3193842151081478,-5.500354480297551,71.14191439082417,81.8173635419122,-11.781278997659683,17.356237769126892,25.036638975143433,-6.532120290503478,-19.499549750151715,0
STABILIZE,19.883110761642456,28.87426081329469,-7.3895757041364165,73.87980262490615,81.03048513976296,-3.4937730229648536,-10.0,40.0,0.0,1.4841674498018016,-0.9399306129374867,44.39143139719095,-3.3326866498144816,0.30688005285373743,-6.686357812499516,0.3178269476056377,-1.087120269356333,73.14841339555522,82.62271045636436,-11.781278997659683,17.356237769126892,25.036638975143433,-6.970240560742486,-19.499549750151715,0
STABILIZE,19.9161856174469,30.23902526945676,-7.543477190593829,74.34494345272323,81.84509751986572,-4.34264058442052,-10.0,40.0,0.0,1.4524640595521296,-0.9877439648399858,45.04272067040293,-3.5465421050568984,0.10916187074201453,-7.731719757937138,0.3162013791886823,-1.764022516368681,74.9543781041599,84.36061344141937,-16.510657966136932,15.84143340587616,21.671588718891144,-7.883444832470838,-19.518465959058066,0
STABILIZE,19.949810028076172,29.74493826635179,-7.866318161405447,74.66668121008976,82.47603576837935,-5.019099927151382,-10.0,40.0,0.0,1.3375077069525838,-1.0217791176392768,45.57653068989069,-3.3176861369971555,-0.25095103804222507,-7.0633802211372725,0.31493777489397,-4.864113846768848,72.72485602716931,83.53418317569651,-20.038244128227234,15.097181499004364,16.674134135246277,-8.066335582892684,-12.861592839234389,0
STABILIZE,19.983718872070312,29.496223575577716,-7.975103094618326,75.07023383515279,83.259692724233,-5.647594976569971,-10.0,40.0,0.0,1.418274907331396,-0.9228226966138973,45.925905111220594,-3.44936610536947,0.24426352717522176,-7.073038717634302,0.31336699573943744,-1.8331439402979834,73.35976269673858,84.28467398119045,-14.784011244773865,18.98985356092453,25.34319758415222,-8.404808938368706,-10.532337822814545,0
STABILIZE,20.02127456665039,26.63016342649617,-8.425539654882323,75.40219583622675,83.94492624863254,-6.276846755923305,-10.0,40.0,0.0,1.4342688624900388,-0.7667929480796268,46.26821711694871,-3.3502015378414383,-0.38851639753987416,-7.114122483345316,0.31198392942257464,-8.546636665890428,72.56990348682943,84.00906842402023,-18.635129928588867,17.61709749698639,22.174787521362305,-9.032747674186972,-10.925335808599677,0
STABILIZE,20.055235147476196,29.451279710704632,-9.188903248033306,75.76217127964618,84.7425935723317,-6.989574878138103,-10.0,40.0,0.0,1.37976843522498,-0.6238433853319011,46.50651558690129,-3.5960530157221284,-1.1297965444190798,-8.399663118562213,0.31039993010805367,-14.991942371552168,72.3472337766228,85.20972884509078,-18.635129928588867,17.61709749698639,22.174787521362305,-9.919687082296353,-10.925335808599677,0
GUIDED_NOGPS,20.089136362075806,29.504315590289746,-9.340055320214983,76.14027622039839,85.50837520278569,-7.487473158481925,-10.0,40.0,0.0,1.5223868405196659,-0.4693145175068881,46.6502125217546,-3.506296670124213,0.15000859020253976,-7.431133641220084,0.3088673474580151,-3.144122122195338,73.61789728321934,87.38842416837724,-16.692566871643066,19.15144920349121,20.81744819879532,-10.235179759570036,-3.6255066732382577,0
GUIDED_NOGPS,20.50680446624756,2.394298853514238,-9.659962242548165,76.98193303515879,86.36936683976548,-7.670447417596613,-4.377391732895886,77.59464597014974,89.60222255456719,-2.427364067101318,0.27325428422721587,44.34298486540805,3.7675693498510605,-1.9939474690146421,-4.689912377823214,0.5065197053021008,-8.414324079764013,83.93006885750842,95.19424688365083,-12.826760113239288,19.646325707435608,6.571194529533386,-11.27547863254988,16.13776649916458,1
GUIDED_NOGPS,20.517372131347656,94.67741134511637,-13.572945557041972,82.47146887578101,94.72806505630336,-13.233250188123419,-4.3774701515371,77.59412163679521,89.60195440470052,-2.4578367426399184,0.4088704916425958,44.18318575958643,-4.809448180879082,-2.9781215884243015,-10.0,0.4897995738545331,-7.935959318472559,83.34220532765062,95.51412558371702,-21.21584713459015,10.984663665294647,13.739857077598572,-10.953032742772828,15.154878371937652,0
GUIDED_NOGPS,20.52578043937683,119.05151712980046,-12.646997853895847,82.89284402048143,95.03479734743033,-12.506614424549188,-4.378008473291713,77.59052223686882,89.60009899492948,-2.4866977069778073,0.34304016792666087,44.118657547402734,-2.7679577757530085,4.711199667261069,9.988606043671755,0.4891805924081701,-5.143358631196154,85.25338350865383,96.50931865805002,-20.006661117076874,10.002969950437546,12.817837297916412,-10.208787144356526,20.53109102238394,0
GUIDED_NOGPS,20.56037974357605,28.91247613204751,-12.32342239898652,83.45110725568243,95.22138858785789,-11.988952946204938,-4.379437753491627,77.5809655897479,89.59512817810759,-2.578872817374422,0.6624582333305384,43.498551502846446,-1.4950448779011207,0.2632447161643872,-4.1727407030802235,0.488789754678287,-8.987445199947194,87.32793074068519,96.76071414071541,-18.850067257881165,10.1624496281147,5.907366797327995,-9.693704957925293,17.588590886429085,0
GUIDED_NOGPS,20.593239784240723,30.437840622936307,-12.07587060498044,83.79068411735409,95.82070778767451,-11.253421040790023,-4.382158236225678,77.56277552912195,89.58557749513707,-2.8177729843041925,0.7186726645513003,42.53314182970558,-1.1770692014244055,0.06347146267635936,-2.3267658628344607,0.48756372412838783,-5.0352078946745555,84.17065182279902,97.66896352570814,-20.48185169696808,6.5881505608558655,8.845128864049911,-9.056733057992677,21.998065391940937,0
GUIDED_NOGPS,20.632675647735596,25.362842561013956,-12.635356360479722,83.98062052153479,96.18981991886217,-10.538353291704993,-4.386540079310062,77.53347705559713,89.57004529651311,-2.766364925185857,0.8748544381554564,41.6874278066746,-1.1471308209108262,-1.5457801328592908,-2.6982586496359966,0.48678398822027347,-13.07401889027382,83.31714763906152,96.87861554458863,-17.09344983100891,6.34690448641777,5.464779585599899,-9.177098743228267,24.2899387830333,0
GUIDED_NOGPS,20.67082643508911,26.217185575967445,-12.978400220016256,84.38024096061498,96.55370092122229,-9.65260563269895,-4.392924079258761,77.49079148930062,89.54719186386788,-2.6358662636865353,1.0066296513384827,40.94670403647047,-1.5072374693243282,-1.1719710657404452,-1.0337754074101841,0.48600008425053726,-10.775206516006987,86.57274078314958,97.54431088348824,-19.395950436592102,2.1543262526392937,4.8299480229616165,-7.862188851038213,24.722060946157914,0
GUIDED_NOGPS,20.7030770778656,31.013324263172684,-13.402431696989364,84.9825892506044,96.91807569961118,-8.76450173851039,-4.401622396253967,77.43263162248505,89.51573853151478,-2.366929699551399,1.1597718840402773,39.813466370138634,-2.0967587859119954,-1.385831161121763,0.09543239536133452,0.4851986052713045,-11.497304506746868,89.65386625751583,97.3846968881509,-18.209701776504517,0.8961054496467113,6.936981528997421,-7.348485013906163,26.55951160648557,0
GUIDED_NOGPS,20.738015174865723,28.628498102492696,-13.716842401865753,85.53760046222791,97.11799178589595,-7.9551478421064274,-4.4129192791165055,77.35709687213296,89.4744668079926,-2.1180215979402672,1.0232836802473837,38.78039342798504,-1.9728696864226278,-1.187026555038597,-0.13184360487252622,0.4847055664497449,-10.922977386448647,91.08630150968682,97.29975439628512,-19.336944818496704,-1.9820105284452438,2.312605269253254,-6.928409703365189,26.78412920753061,0
GUIDED_NOGPS,20.771846532821655,29.563167836702473,-14.131228451518579,85.92721839835201,97.30063000817974,-7.125991538693838,-4.427071790276264,77.26246843256112,89.42221749760958,-1.9286535359846058,0.8137520460881984,37.820847472246626,-1.7778501624609675,-1.4934134612451329,0.6129819674621313,0.4842251012624554,-12.191809128453858,90.21395335555034,97.82137858434074,-19.026872515678406,-3.8081325590610504,-0.14178788987919688,-6.464666349284844,27.378550325713068,0
GUIDED_NOGPS,20.807619333267212,27.95960350102991,-14.487368310659889,86.23681325752055,97.5349471243316,-6.402829784147031,-4.444310530742613,77.14720442802512,89.35788982198771,-1.890804683029215,0.512452818365925,37.032312377852406,-1.621380920625123,-1.398571178278269,0.20275844988125558,0.48361611500645085,-12.191809128453858,90.21395335555034,97.82137858434074,-17.851485311985016,-4.837235808372498,5.126535519957542,-6.464666349284844,25.01425814639835,0
GUIDED_NOGPS,20.840964555740356,29.997239366913885,-15.187564066890955,86.43722001409196,97.63552888067866,-5.6568001211506,-4.464840365074836,77.00993506532357,89.28044054160675,-1.920489752379148,0.138782667106342,36.19709635557574,-1.665146648943274,-2.3663370466507216,1.467752120635593,0.48324979648071087,-14.895505210295168,90.53104215193466,97.56385323251271,-29.184487462043762,-9.99835804104805,-0.37556870374828577,-5.610836520815949,25.686087505991853,0
GUIDED_NOGPS,20.880714893341064,25.16048997612506,-16.08899040400619,86.64828228551718,97.73030725991939,-4.823425976741556,-4.48884114635255,76.84945778640274,89.18888307734846,-2.038787775030123,-0.3319909762424165,34.93832322739365,-1.512068506914165,-2.378791065085835,1.0395090143629262,0.48286264794577816,-19.130282833060264,90.99114869297188,97.93400316866877,-29.184487462043762,-8.39267447590828,-0.37556870374828577,-3.1828944119123106,26.299458984026508,0
GUIDED_NOGPS,20.914201974868774,29.86779084092317,-16.940249621733535,87.07576353562126,97.71144114199615,-3.7749700126691224,-4.516468441146134,76.66473242096079,89.08228663204075,-2.190978903889993,-0.7094653027458587,34.124806716110115,-2.1537089312952054,-2.707521342267958,3.994509329451031,0.482675624321402,-17.592066242725693,94.40301700789075,96.38608065479758,-21.87858819961548,-8.626782149076462,-4.229088127613068,-2.0354961122757045,24.438495397481077,0
GUIDED_NOGPS,20.946977376937866,30.517123711265196,-17.55129306486672,87.32967102889329,97.78029704909315,-2.8621707002236816,-4.5478542544871505,76.45487633905232,88.95977531200181,-2.1969043064383906,-1.0168516697616414,33.146925117544804,-1.8566277602776868,-2.3238783156851563,3.856373234818713,0.48228133359198894,-16.991012822250525,93.40443838263936,98.45298492842363,-23.433175683021545,-10.547351837158203,-2.881883643567562,-1.2334497301369995,27.60615954961457,0
GUIDED_NOGPS,20.981034517288208,29.367352368682695,-18.328844495514105,87.50088724460241,97.82602962699491,-1.9584024891725595,-4.583107754838773,76.21915960369269,88.82052724858428,-2.3647408373658214,-1.3959198048996502,32.35800753255707,-1.718608382364671,-2.7098086512716084,4.129723015277239,0.48189909823119187,-20.31953805752052,92.61639882991584,98.2852381673562,-23.433175683021545,-10.547351837158203,-2.881883643567562,-0.38124226499550407,27.60615954961457,0
GUIDED_NOGPS,21.01533031463623,29.168230213425872,-18.972848876958395,87.66766223280077,97.88526744113935,-1.0699667070994656,-4.622315999066212,75.95700012346255,88.6637737197194,-2.433964804603901,-1.6721024526922297,31.49381443272662,-1.7451122668983805,-2.5049941037432575,4.563937528241116,0.4814545257107724,-19.396767268569143,92.84728917657598,98.8232327189263,-20.178569853305817,-10.117479413747787,-3.662038967013359,0.6812657243352598,24.48006734386436,0
GUIDED_NOGPS,21.048534631729126,30.12002613947276,-19.623049161052453,87.70069233171685,97.97430681625524,-0.22361064359795169,-4.665544657407137,75.66795880511214,88.48879827146116,-2.6259212948115853,-1.839823510734005,30.64500974909621,-1.5426611089714686,-2.6179259849689407,4.934114510128623,0.48091382412600564,-20.629459073835058,91.3040275356469,98.78737040271119,-18.773016333580017,-11.347779631614685,-1.0922635905444622,1.0364463738445682,23.52005864280968,0
GUIDED_NOGPS,21.08177947998047,30.08567411700571,-20.12565906206155,87.98440083637743,98.01960115792807,0.6042271133812099,-4.712838738442105,75.35173470616581,88.29493583953051,-2.8099790981309734,-1.9298731516382763,30.05957715986149,-2.1012277142419,-2.375962189591726,5.352481105130251,0.48042260391086966,-19.094087949191678,96.11091197758094,98.46663729902075,-17.815585434436798,-11.793138831853867,-1.8655810505151749,2.2479949828861727,22.138041581243886,0
GUIDED_NOGPS,21.11924457550049,26.6949083503055,-20.6660231454368,88.1576824210122,98.0541259833479,1.4570774247843687,-4.764223314064982,75.00816018752637,88.08157187085942,-2.8038773913246247,-1.8874435896273338,29.197115512985643,-1.824299246775844,-2.3961691106774223,5.41641089520599,0.4799118465112045,-20.94505609875042,95.32534804963242,98.04574444967795,-15.163104236125946,-14.0493705868721,-0.6694851443171501,3.2355066687981795,23.175465353898783,0
GUIDED_NOGPS,21.149672269821167,32.873297280351125,-21.232043792938033,88.32429339674445,98.09181944360195,2.322090868957247,-4.819704244453371,74.63719606607954,87.8481414451351,-2.9877781002931023,-1.7856532804266338,28.53088690851155,-2.074273446011579,-2.749737599828483,7.103651620552098,0.4793571850047455,-21.08214018308309,95.97931975022547,97.9326889133245,-13.120914995670319,-14.919397234916687,-0.4595330450683832,3.540043868576258,20.34878132060525,0
GUIDED_NOGPS,21.183215618133545,29.817468329233787,-21.62412305403837,88.40671942936203,98.12778744872985,3.00736648953195,-4.879268903039034,74.23892676729835,87.59412839634415,-3.004233946994367,-1.770615551751793,27.984888416449902,-1.880428135015897,-2.310298929055975,5.892771507051307,0.47876309796749517,-21.72465320197145,94.90357318696414,98.21101908121177,-11.180659383535385,-15.73900282382965,0.011535873636603355,4.504192386487233,18.811526012036115,0
GUIDED_NOGPS,21.216296434402466,30.234229818276184,-22.284053780262898,88.41041089076049,98.12247289954178,3.772545894205188,-4.942886901478323,73.81355547784759,87.31906443431667,-3.0057086275248555,-1.6965292368766052,27.51064447671382,-1.749581112344459,-2.947221577374655,6.873866176918703,0.4782092547800631,-26.719969094858264,94.0334603339264,97.55229774214845,-10.260158032178879,-16.46813303232193,-0.5740267224609852,5.585375503346251,18.337949723291402,0
GUIDED_NOGPS,21.253254890441895,27.062819387807775,-22.6649682604389,88.4461465408602,98.1942421289965,4.493608563712938,-5.010510814622596,73.36139929818819,87.02252826627051,-3.1853227524589154,-1.7187904242072634,26.99112662806431,-1.8177150450486825,-2.3404886319543388,6.6023906483629045,0.477456146205709,-21.81743319205234,95.39512480414459,98.84817848582745,-10.927289724349976,-18.131105601787567,0.08726092055439949,6.796178384118425,14.830044820295601,0
GUIDED_NOGPS,21.285513401031494,31.005300235812445,-23.139619931107,88.32432364441094,98.21747573543011,5.164170556171221,-5.082076905488651,72.88288439518169,86.70414471835532,-3.1905151903320057,-1.640583050663325,26.574737805692823,-1.6493702363549698,-2.6681350604561853,7.258850314525834,0.47675806621155964,-24.120227182114228,93.30449655467439,98.59273992458205,-10.723263025283813,-19.738690555095673,-2.1212834864854813,7.0143398056665065,9.44923886763248,0
GUIDED_NOGPS,21.31757164001465,31.203672154563783,-23.61303855136428,88.17244474525837,98.22205456626885,5.667858336072745,-5.157505850229146,72.37854115469457,86.36358385719679,-3.1994262393213453,-1.6569954616303366,26.401029019626474,-1.6464868688557814,-2.716777777908736,6.550587776344827,0.47605261677540944,-25.29079794010933,93.0458686785538,98.19038798985244,-12.342539429664612,-21.86216711997986,-0.9418828412890434,7.409677357006486,8.982114546332491,0
GUIDED_NOGPS,21.350388765335083,30.475216159267603,-24.017074450431316,88.19820774306338,98.23120796301701,6.2212018358353065,-5.236703463103024,71.8489993342028,86.0005601114407,-3.2870816854781157,-1.8734419152722193,26.05100743787271,-2.0565856076819777,-2.628833363646895,7.09598983427918,0.4752921644619072,-26.270281506453102,96.76139706874133,97.07835833947424,-4.341119900345802,-21.620525419712067,2.7500463649630547,8.182808395696732,9.41512804914379,0
GUIDED_NOGPS,21.38400959968567,29.7483137460725,-24.546250284610288,88.05685537173677,98.20678324743162,6.731536203195501,-5.3195614214459415,71.29498321539612,85.61483139329722,-3.1319296696130445,-1.9062351475813315,25.832791431627264,-1.7334704254296802,-2.891082935604574,7.07029405978908,0.47455259752184786,-26.92380363917291,94.9125644491302,97.99984425251264,-11.248289048671722,-25.2873033285141,-2.3268938064575195,8.769996231591076,6.227712697477912,0
GUIDED_NOGPS,21.41757869720459,29.793534547056023,-24.899853382284068,87.94563583432766,98.21106500124648,7.221282765061832,-5.4059579906406885,70.71730675678256,85.20619822008493,-3.0803346340661797,-2.0119777884339416,25.6958939500927,-1.8933217644458875,-2.5804239324534803,7.251627155907013,0.47370931127932525,-25.255033145020235,96.02174705554867,98.341630063104,-6.082426384091377,-26.038023829460144,-1.552407629787922,9.34425243588228,4.498178172262808,0
GUIDED_NOGPS,21.45085048675537,30.063031745235346,-25.32543358477285,87.7410551658303,98.10948223662037,7.6713337167128115,-5.495758749087619,70.1168687462928,84.77450283577507,-3.05521960160122,-2.1498684221625095,25.57604803582107,-1.7521577843472531,-2.7627682608564594,7.317477021159505,0.47303140019186213,-27.60688110515366,94.66971904101075,97.52428280471739,-5.327732861042023,-27.43738293647766,-5.423015356063843,9.287483400586385,4.648967404795533,0
GUIDED_NOGPS,21.484960556030273,29.320750232437835,-25.66146057813715,87.56602822854934,97.92988332189569,8.073973110003964,-5.588817313175073,69.49464795388461,84.31962833253564,-2.9784918177862356,-2.1227064673806613,25.531860126985674,-1.8656791522034075,-2.602482970934184,7.19777296555457,0.47246222047673836,-26.753929843581375,95.74445254848385,97.40076052026889,-3.8824640214443207,-28.605276346206665,-9.858254343271255,9.783767170745257,2.638730460826298,0
GUIDED_NOGPS,21.518045663833618,30.23096106442173,-25.95067519650371,87.25202860689377,97.80902113580706,8.502716397221123,-5.6849760622498,68.8516982841473,83.84149777227557,-3.0391951240347237,-2.264272596656342,25.471491500006515,-1.6820382700279162,-2.5214441496492688,7.700525240460141,0.4717292497987306,-26.99613764473991,93.52994496169984,97.64735091398693,-1.292694266885519,-30.094194412231445,-6.931859999895096,10.103896191911204,4.271706174858109,0
GUIDED_NOGPS,21.55280089378357,28.77797827742595,-26.341073208168616,86.95782313228543,97.69982423564716,8.83696086932334,-5.784066863587389,68.18914392890609,83.34007330818889,-3.0970779890428197,-2.3720798756290002,25.45865757455606,-1.7032897468478656,-2.7422967144339196,7.2229609439106035,0.4709248042240054,-28.73969898604166,94.33500574642696,97.13137995718188,-4.796600341796875,-31.698724627494812,-4.633012413978577,10.233034264792629,1.095687420709221,0
GUIDED_NOGPS,21.58612322807312,30.01892329053406,-26.706703042803287,86.5913555449828,97.61729962883472,9.147296929028302,-5.88591179736269,67.50817451982653,82.81535530629885,-3.1308690693009886,-2.342013382902604,25.52958738153935,-1.6399767094111208,-2.736202075126468,7.351582366612108,0.47002069409035685,-29.97739991488874,93.19854840083889,96.91765030832126,-0.01830505207180977,-32.10102617740631,-2.37199068069458,10.132166659028261,0.40964166268857255,0
GUIDED_NOGPS,21.619308471679688,30.13885575499763,-27.07688075922178,86.23127723902891,97.4831181247871,9.36146256865793,-5.990323881620236,66.81004028101896,82.26738146700215,-3.0147633239301768,-2.415520092193693,25.640070814006183,-1.7052800982441063,-2.7932027225576492,6.924240185042147,0.469173168890035,-32.008999826859764,93.16793199514817,95.81444072477191,2.8772998601198196,-32.80186951160431,-2.472156658768654,10.118271903505136,-2.5986950935628568,0
GUIDED_NOGPS,21.653018712997437,29.67066113948586,-27.443768823771705,85.7087813591469,97.35161336043699,9.555300958094849,-6.097107797244678,66.09604718164287,81.696225946613,-2.9627367058051317,-2.3107048629643234,25.82939170496789,-1.4104336094990326,-2.740316795891457,6.869028366313543,0.4682724939854645,-32.446654503748476,89.66389156818593,95.78057690151499,2.8772998601198196,-32.80186951160431,-2.472156658768654,10.294914473245601,-2.5986950935628568,0
GUIDED_NOGPS,21.68662142753601,29.764780186637335,-27.75507374930298,85.16177695931914,97.20271262396547,9.705256021334637,-6.206060612931198,65.36755208851142,81.10199847890732,-2.8427902596866566,-2.405604365066127,26.047903116894936,-1.4210262825701767,-2.6549863824733193,6.720900701442435,0.46736032547816114,-31.594559398549183,89.6567225600028,95.91365085872818,2.8890589252114296,-34.31599736213684,-4.170183464884758,10.53721448610067,-5.50531987434563,0
GUIDED_NOGPS,21.72028374671936,29.716488125602222,-28.012076143668097,84.64496900124186,97.08588046767905,9.806672155646925,-6.316972510155945,64.62595791869572,80.48484349666693,-2.815185623269227,-2.433402167771021,26.34499927031757,-1.532769989410987,-2.5707058651852472,6.488926780703731,0.46633741435922504,-31.283845502456835,90.02110247269658,95.86811467146623,3.5949967801570892,-34.59773659706116,-2.2951900959014893,10.624672049248524,-6.864142040376884,0
GUIDED_NOGPS,21.753410816192627,30.19374716549207,-28.220653932017413,84.12545216904914,96.93047236718743,9.80860524657289,-6.42962750814645,63.872708792129345,79.84493925322363,-2.57294549383532,-2.356541195267221,26.695876333264877,-1.5850001851848938,-2.483386588448761,5.89672721335644,0.4653455734381062,-30.971857372887037,90.56894068105957,95.93295636492499,4.551944136619568,-36.91194951534271,-5.140643939375877,10.671479089108947,-11.893114703608893,0
GUIDED_NOGPS,21.787569284439087,29.280426678580902,-28.520206920468386,83.59014378127898,96.67895623053425,9.7862516785389,-6.543804188852061,63.109285184212766,79.1824969440034,-2.4102162368597666,-2.4663130073999042,27.14951871491691,-1.5496396000778314,-2.6753747034443656,5.740965297075301,0.46449979748279346,-33.480349762502755,90.07748452599603,94.67454914601278,4.671052470803261,-37.23120093345642,-7.692650705575943,10.341813471244144,-11.20166562562453,0
GUIDED_NOGPS,21.829972743988037,23.587490650605393,-28.738900801855145,82.94297626795027,96.47543347097672,9.695338531082351,-6.65927642191436,62.33719907841767,78.4977598280706,-2.3143043726569203,-2.414370485979015,27.399949308382716,-1.3646454624334439,-2.44510132518002,5.371793527501604,0.4635080131939205,-32.680613957719004,87.66794932884203,95.35469015115764,6.3048288226127625,-37.79648542404175,-6.9978125393390656,10.070883081729757,-13.832563140133292,0
GUIDED_NOGPS,21.856804609298706,37.281376662163126,-28.85793757486895,82.31754005554274,96.30446097500378,9.557508511880874,-6.7758140896375885,61.557989118891484,77.79100234967201,-1.9116162694302437,-2.417820585283518,28.14989895660824,-1.5825791111066594,-2.305300855149535,4.704627849798911,0.46241662175741594,-32.18239178228767,87.59282412791796,95.53050484141065,9.792730212211609,-37.936168909072876,-5.872662737965584,10.111696646891755,-15.874920329334982,0
GUIDED_NOGPS,21.888149976730347,31.907737483929374,-28.921758148682713,81.73479182537939,96.1671730084139,9.30972390983978,-6.893183811959082,60.77321576306174,77.06252925978112,-1.5965498883013105,-2.436822384997905,28.739014725352888,-1.6529074366615675,-2.1820569022220178,4.08178371206059,0.46120907237685727,-32.12257452582945,85.46035575716057,95.32672431326952,8.829467743635178,-38.61222565174103,-4.648159444332123,9.291952157621889,-17.454903593804424,0
GUIDED_NOGPS,21.922111988067627,29.450245752001123,-28.92568927830068,80.97386151481486,96.11799036116076,9.079688953750415,-7.0111496714196875,59.9844564342405,76.31267473764213,-1.4353666019557068,-2.4672724355348796,29.173541115065344,-1.3439524605942073,-1.9918860236857168,4.092782002572349,0.45978083085918586,-30.51604124438744,83.60413463184827,96.45216274172728,10.723257064819336,-37.67495155334473,-1.5207813121378422,9.176683920323143,-17.790580070753872,0
GUIDED_NOGPS,21.95595908164978,29.549213416653163,-28.982007777861806,80.14456141814019,95.95635322896804,8.758243561617746,-7.12947393813418,59.19330067422878,75.54180151231428,-1.0299150468795255,-2.3156313503466066,30.02339423273335,-1.2122374646739453,-2.06536803716504,3.356377985839357,0.4585347076725431,-31.904287064434662,82.30693840893846,95.53754378108292,10.720733553171158,-38.70499134063721,-6.0438718646764755,8.377104311313998,-20.823035505625086,0
GUIDED_NOGPS,21.989985466003418,29.395755655854895,-29.068358290998688,79.2468681553088,95.7746707280204,8.415724278948963,-7.247917794761706,58.40134529592096,74.75029998421589,-0.7163693966971251,-2.1310410057153693,30.738713114319616,-1.080857261038629,-2.0971845353056087,3.033861415804962,0.4572864871681127,-32.9276727687869,80.1409326166593,94.96812520328453,10.720733553171158,-38.70499134063721,-6.0438718646764755,8.085479289502903,-20.823035505625086,0
GUIDED_NOGPS,22.024106740951538,29.31214402023887,-29.007917537318438,78.32983867396912,95.60019455767693,8.06898313853128,-7.3662420614762,57.61018953590925,73.93858734666848,-0.4871114291630026,-1.9876685048476317,31.329316156756033,-1.0917970310431993,-1.770852642462381,2.8082467892112617,0.4559824601097078,-30.463859682452252,78.83181466468358,95.91981839429047,12.522560358047485,-38.07835280895233,-8.619624376296997,7.4598806813892455,-18.973073646285254,0
GUIDED_NOGPS,22.056034326553345,31.329767844871373,-28.923960103492842,77.42720657971269,95.42294388534101,7.678617535338107,-7.484207920936804,56.821430207088,73.10710670744109,-0.24336860475083996,-1.7751014919326105,31.74465312999534,-1.1162105026485352,-1.6704323331349018,2.1605912527422753,0.454645515228462,-30.5841799724489,78.47004419591659,95.7403144636649,13.87171596288681,-37.364235520362854,-8.501691371202469,7.338946597033475,-21.229539336720272,0
GUIDED_NOGPS,22.09622836112976,24.88270854220677,-28.84656106279908,76.56988130959239,95.12216258972934,7.289670131765235,-7.601577643258298,56.03665685125826,72.25632621029428,0.04245546870502078,-1.5489196708459323,32.89894143934915,-1.2254905905555755,-1.763377012067214,2.441364682002388,0.45350869862800497,-31.999617903320576,77.1350101547366,93.21947168022834,16.701248288154602,-35.52940785884857,-9.790132194757462,6.852779050145498,-20.097746255397894,0
GUIDED_NOGPS,22.12943935394287,30.11591705439715,-28.94677874589968,75.52675426192965,94.65794542333433,6.806937710405287,-7.718115310981528,55.25744689173207,71.38673815652432,0.20720498091123063,-1.3722953544993397,33.633897114799204,-0.7881860366064459,-2.0044629623404098,1.1747383736858144,0.452667067535626,-35.02745881178468,76.8456707234019,91.22733547830519,13.945916295051575,-36.3203763961792,-12.597592175006866,6.096178460598322,-22.0503931787197,0
GUIDED_NOGPS,22.163101196289062,29.71206743881274,-29.03699189072091,74.52607531872665,94.23654044266104,6.318583132954008,-7.833587544043828,54.485360785936976,70.4988581265074,0.5352383294370876,-1.2116431153617044,34.28940061472908,-0.8659930578851096,-1.9844093589555314,0.8899260281230639,0.45170215187644447,-35.2807993888919,73.07469692810324,90.6517149000793,13.638496398925781,-35.110682249069214,-10.738153010606766,4.8995280068115115,-20.579315573018814,0
GUIDED_NOGPS,22.195122480392456,31.235275280940712,-29.115594982407476,73.505200172375,93.75780951630286,5.803475312481572,-7.947764224749437,53.72193717802038,69.59322410124375,0.7797365834436242,-1.080241054622943,34.94911834137686,-0.7873185246631906,-1.9386657144280595,0.266596815774248,0.4508173771525825,-35.32748436019902,71.86435370468448,90.42189962535618,13.7874037027359,-34.68618988990784,-14.298899471759796,4.6342086936712885,-21.842343909053817,0
GUIDED_NOGPS,22.229523420333862,29.07380912771031,-29.26950330741759,72.41579985928036,93.21055532257928,5.3726227333614975,-8.06041922273994,52.968688051454045,68.67039558390177,1.022587107673748,-1.0025440242760515,35.52947268496367,-0.6505260068498491,-2.0849253857117254,0.7232426896759887,0.450032398772161,-35.562122420939204,69.75878921040908,88.31515459287266,8.728017657995224,-36.72080934047699,-13.718436658382416,3.4765149345735518,-14.442213018843937,0
GUIDED_NOGPS,22.26449704170227,28.599997272491716,-29.310732630989705,71.23002016569981,92.588993943501,4.8666946804251285,-8.171331119964691,52.227093881638325,67.73095272136221,1.3153665815409297,-0.9553977897563922,35.90227807024131,-0.4636673701096844,-1.8315921545654723,0.02292813351536349,0.4493619074781286,-35.23822665539964,66.62047288917901,86.90425511797419,14.65117335319519,-32.59517252445221,-14.352045953273773,1.817365995344967,-14.051628651156758,0
GUIDED_NOGPS,22.296994924545288,30.77529936604837,-29.247746700150913,70.07249950404871,92.15394835056514,4.364627998348878,-8.280283935651209,51.49859878850686,66.77549542576236,1.487337938237157,-0.9629802602304584,36.44027499569029,-0.43687690858896033,-1.5784606372071392,-0.46543145832163413,0.44828803396828604,-32.88259082085091,65.62519104703816,90.6037110420433,14.128673076629639,-32.43938982486725,-14.459088444709778,1.2351088983075618,-12.930523108338157,0
GUIDED_NOGPS,22.332207202911377,28.406108834783787,-29.17283651561386,68.99563299067417,91.65918973120964,3.931200936671208,-8.387067851275653,50.784605689130785,65.80464249604015,1.641253903305867,-0.9245122079381234,36.702584995670044,-0.6070536923212202,-1.5775898045274555,-0.10999465965835853,0.4472995315262068,-32.88259082085091,65.62519104703816,90.6037110420433,14.598461985588074,-31.991347670555115,-19.804565608501434,1.2351088983075618,-10.74835109305266,0
GUIDED_NOGPS,22.366475105285645,29.1862944303727,-29.171975981255088,67.8659490143628,91.04948488038079,3.4580097054760857,-8.491479935533198,50.0864714503232,64.81903073947831,1.7688691577583853,-0.86324007499782,37.132128762382976,-0.43410738991060166,-1.699954135615883,-0.6840319217332911,0.44651172568610586,-34.085680169986446,64.48744854889341,88.17456833239649,12.667205929756165,-30.857008695602417,-19.572870433330536,0.9204117240858207,-12.11403375721837,0
GUIDED_NOGPS,22.39870572090149,31.05626596571767,-29.167136916826763,66.71961527232624,90.41949410392122,3.0355576046802506,-8.593324869308498,49.40550204124365,63.819314093248565,1.7416363397638983,-0.8532549254006432,37.39348595097351,-0.2933962115644244,-1.6626435756862379,-0.798761754012608,0.4457379628356192,-34.31869750858876,61.394348857274636,86.47049165647174,13.413949310779572,-29.311394691467285,-17.514421045780182,-0.11185119391496585,-7.486189566204748,0
GUIDED_NOGPS,22.44031023979187,24.025524553635357,-29.191886902176446,65.58593376512536,89.66604485151602,2.647366042600179,-8.692415670646087,48.74294768600244,62.80616274595575,1.8191747816559987,-0.708295152602818,37.605368664311065,-0.4623318692383893,-1.7676272466167395,-0.2895319682584905,0.4451741409744784,-34.57130524866964,59.86641165965382,84.07268489506838,11.929471790790558,-28.532055020332336,-20.567110180854797,-0.6244455591750349,-6.067773999665132,0
GUIDED_NOGPS,22.471938133239746,31.622666546035767,-29.156114225597747,64.29931084535994,88.82466219826371,2.2402840012259375,-8.788574419720812,48.09999801626513,61.78026225918202,1.6618674142209655,-0.7439001283333011,37.71586063451436,0.1378842006052671,-1.5648439931623768,-1.2106897820614326,0.44477063206429185,-34.853595630033496,58.95834412497285,83.1669129432797,15.103235840797424,-23.99701029062271,-19.059079885482788,-0.9152604454549707,-3.1205281628975894,0
GUIDED_NOGPS,22.505196809768677,30.07186899538272,-29.103469378277143,63.29074649031624,88.10339934404762,1.924111257616187,-8.881632983808268,47.47777722385692,60.74231268903088,1.7533962179673677,-0.6907560805878715,37.78783375289337,-0.4018829805446624,-1.5543979803770707,-0.7437663128260472,0.4441008001806776,-34.09719335804208,58.498562597264865,83.1327504331183,15.103235840797424,-23.99701029062271,-19.059079885482788,-1.0226733806423922,-3.1205281628975894,0
GUIDED_NOGPS,22.539669275283813,29.01487994355168,-29.10869402950099,62.183962199260996,87.21023860869141,1.6411657631961956,-8.971433742255202,46.877339213367165,59.69302770767155,1.6362785373823359,-0.6118068311061933,37.73827390027576,-0.16639201163735262,-1.672582718329105,-0.6587840194784158,0.44375065233184524,-34.47137094005454,56.94603133980402,81.74548664780409,11.844553053379059,-25.761792063713074,-26.034528017044067,-1.3089080966610755,-0.5961098824547404,0
GUIDED_NOGPS,22.573801040649414,29.30374758963754,-29.113611280157322,61.118687889334566,86.4585451057646,1.431397340107969,-9.057830311449944,46.299662754753626,58.63313372488288,1.5373942602300648,-0.5015904697080775,37.69165444409583,-0.16299030084440713,-1.6695891752835164,-0.37118911749295547,0.44309628869200357,-34.44146279865076,56.46570101417006,81.41293650514376,11.50764375925064,-24.314114451408386,-17.60861724615097,-1.3723126003039607,3.253514720802088,0
GUIDED_NOGPS,22.614136695861816,24.796358261897723,-29.073649687085748,60.123699730795046,85.73128678843226,1.1609497474185244,-9.140688269792863,45.74564663594691,57.563369009597714,1.2531044980577974,-0.4301701697650161,37.47002846590726,-0.35393204863190536,-1.6148791148380282,-0.6519719507401308,0.4423660837007419,-34.45458759832527,55.7874660645503,81.05320561351937,14.354364573955536,-21.68414145708084,-17.088691890239716,-1.4566419880222434,-1.3437748324028935,0
GUIDED_NOGPS,22.64744806289673,30.026229883740907,-29.07997034945363,58.97043111807731,84.80961649785186,1.0253862374312392,-9.219885882666743,45.21610481545517,56.48448281144689,1.1588081870370708,-0.36748674898745876,37.275088036805926,0.19341104581898103,-1.6591177927026448,-0.19959546293199348,0.44201395206882527,-34.33530790053355,55.170950495893116,80.20322468132474,9.393349289894104,-22.07554131746292,-22.79515266418457,-1.5084371975238473,8.228716506349759,0
GUIDED_NOGPS,22.681183338165283,29.6473814791515,-29.085028983329963,58.01459645258334,84.02593917216056,0.9567966323000661,-9.295314827407234,44.71176157496805,55.39723448230352,0.912102821433268,-0.20328654674111926,36.961739448253255,-0.13049607991576392,-1.6673416608483542,0.1707360397369943,0.44136786282917206,-34.58078222149477,53.372568666014246,78.91335894935152,11.763441562652588,-20.060938596725464,-18.595565855503082,-1.542043821324341,8.478441029010119,0
GUIDED_NOGPS,22.728702783584595,21.0469733996377,-29.10719812873832,57.0395211967642,83.29960492420084,0.9495938953939609,-9.36688091827329,44.23324667196155,54.30239259782701,0.7383507597152245,-0.06644984321799624,36.633521537877456,-0.27425359324671245,-1.7377628380072803,0.539346073587982,0.4405759031350543,-34.35750054541765,52.82521989884934,78.62528276405838,9.66036543250084,-21.138393878936768,-15.32025933265686,-1.5433467986435356,11.534600635395861,0
GUIDED_NOGPS,22.748414516448975,50.74716579351732,-29.14634984104479,55.811879296089174,82.37299457125329,1.0325273497963603,-9.434504831417568,43.78109049230213,53.20073407900735,0.5033047938288979,0.12075086097580254,36.12218625585363,1.642688494843982,-1.6739789045105735,1.454876502897356,0.4402026373332282,-33.7436112385205,51.382702387524326,77.29924583170882,4.91304025053978,-23.19066673517227,-18.745756149291992,-1.2237986068902154,16.789957357347003,0
GUIDED_NOGPS,22.78186058998108,29.903991900697996,-29.19732141423321,55.24464916204345,81.81958663835657,1.229911762810145,-9.498122829856856,43.35571920285139,52.09304331370924,0.29459619746469917,0.1816029906430031,35.58007072633513,-0.6000854873720575,-1.7896407775802605,1.9266844785037676,0.4390545840157122,-33.66379243933533,50.95849480594826,76.90642447951245,9.400595724582672,-20.82051783800125,-17.704938352108,-1.1027657427019286,18.382887245388208,0
GUIDED_NOGPS,22.814898252487183,30.274384126227957,-29.175298664342396,54.3221049665991,81.0320000766491,1.3553647006092036,-9.55768748844252,42.95744990407019,50.98011127821609,0.192529825891569,0.19885836968355605,35.1478836764134,0.18795341725928397,-1.6200866014346509,1.5690348158585912,0.4383639881414533,-33.21105610278022,50.49848679722572,76.23102199071693,9.208599478006363,-21.139776706695557,-18.803007900714874,-0.7721330753698046,15.362125094376056,0
GUIDED_NOGPS,22.85194730758667,26.997669897913205,-29.134056142561096,53.408927654617834,80.33751931133057,1.5681965237653088,-9.613168418830908,42.586485782623384,49.862734658774436,0.2708707883307194,0.2697430333853004,34.616679374094,0.16489567793447946,-1.6000348724254716,2.0975031080413835,0.4374733333032776,-32.77673743019024,49.78169865200988,76.83564233046559,9.141111373901367,-21.13402932882309,-16.413283348083496,-0.09819430788181396,18.325728807318956,0
GUIDED_NOGPS,22.88259792327881,32.63364118045236,-29.196099257456954,52.39609589556663,79.50641741040312,1.812564733644534,-9.664552994453777,42.24291126398393,48.74171497313785,0.2457330508228544,0.18780365515103753,33.772802671949755,0.6877958587468104,-1.792745547521926,2.679911518783932,0.43685572810687134,-34.790241986123746,49.1426113321277,73.63470409889459,7.194408029317856,-22.39980846643448,-14.170971512794495,0.3336181958394889,18.59860510994472,0
GUIDED_NOGPS,22.91526460647583,30.618039536309748,-29.258169710001685,51.54663968447271,78.79991083923093,2.109915632797622,-9.711847075488754,41.92668716503758,47.61785769211131,0.3204937668373017,0.18331910235239524,33.01358274947323,0.3732049957161588,-1.8099902101288974,3.072946048332204,0.435979977307486,-33.658555335483,48.10429459267455,73.2998197571022,5.476691573858261,-21.950869262218475,-13.77841830253601,0.7871044546140502,20.468244744283357,0
GUIDED_NOGPS,22.94970726966858,29.038985855424855,-29.317406316758778,50.646137012736226,78.10108571806795,2.4371290185791135,-9.755075733829676,41.63764584668718,46.49197136109517,0.26142071468590433,-0.03867972145553922,32.29728373574107,0.528874546003026,-1.8046334035739235,3.36051105107645,0.4350822652047702,-33.307178640656474,47.64411178676049,72.75148686390074,3.938422352075577,-22.658412158489227,-11.562435328960419,1.3510035406392604,20.54152072124655,0
GUIDED_NOGPS,22.983211278915405,29.851635173125512,-29.43703460185798,49.72264247416689,77.33888660379563,2.831355706488463,-9.794283978057114,41.37548636645701,45.36486672162941,0.27266846210375506,-0.08919827516650633,31.506808867622567,0.7312431468500697,-1.9354064206353812,4.05853852665158,0.4343097203225737,-33.24687310968736,47.35796959729567,72.47635236040324,-0.3666717791929841,-24.553503096103668,-15.531139075756073,1.6717780603578145,23.440871137119846,0
GUIDED_NOGPS,23.016769409179688,29.803908192993674,-29.512088702407432,48.89411462339392,76.62451931842371,3.2383403584304986,-9.829537478408733,41.139769631097465,44.23735583293785,0.26525650623510116,-0.14102192861747478,30.645771315188668,0.6434254335773331,-1.854143310732599,4.362057936181351,0.4334398422577623,-33.31631721506979,46.87606400411231,71.75049508233354,2.961546927690506,-21.349436044692993,-13.797269761562347,2.389226618473657,22.599753831400285,0
GUIDED_NOGPS,23.053438186645508,27.277719607447825,-29.56868597119071,48.04538959242813,75.88450671579807,3.723136808336494,-9.860923291749751,40.92991354918894,43.11025119347212,0.25656068824589645,-0.28493740284380203,29.924431621849035,0.7355867508934348,-1.8135280639196611,4.979786879673869,0.43261936716115557,-33.17959710048109,45.766427486151585,70.70410028256406,3.6231596022844315,-21.09237313270569,-13.809412717819214,3.827728178609612,23.3123508826023,0
GUIDED_NOGPS,23.08619475364685,30.534452509045376,-29.656406265445142,47.16879459062335,75.04292037051324,4.227398867225414,-9.888550586543333,40.74518818374702,41.984364862455934,0.21439134043407573,-0.32791308650365447,29.40452786751142,0.9645198958280321,-1.8719405924425236,5.523408922354827,0.4320061194631057,-32.99682169268077,45.161623718098326,70.30416252083577,1.0897282510995865,-21.321097016334534,-19.319528341293335,4.575222957544864,22.149984167007652,0
GUIDED_NOGPS,23.11761999130249,31.82783557568997,-29.666727612625678,46.411164619508355,74.40333305164002,4.753544562586017,-9.912551367821058,40.58471090482615,40.86050758142943,0.16773661273039295,-0.399474952789435,28.704078307748272,0.9159811761773065,-1.7120970948930347,6.198422295618203,0.4309953874181687,-32.91086925248621,45.04094499265234,70.0904082335629,6.239007413387299,-19.244882464408875,-9.96074229478836,4.986654201039219,23.44440576001533,0
GUIDED_NOGPS,23.152100324630737,29.00745535776035,-29.705950807738308,45.7431503281077,73.73984334432011,5.284993222592213,-9.933081202153273,40.447441542124665,39.73948789579286,0.01851162691973284,-0.39292405432345234,27.66259911027368,0.7372591510018025,-1.7920940992340026,6.22965262971273,0.4300330663397088,-33.24709887406756,45.162271985910216,69.77217882126644,5.249963700771332,-19.378896057605743,-14.975802600383759,5.915689744517403,22.945807073246275,0
GUIDED_NOGPS,23.18537926673889,30.05333830125679,-29.756040270261774,44.985000106982014,73.05557671746838,5.79514098550204,-9.950319942619627,40.332177537588564,38.62211127635118,-0.03005251218293876,-0.40943456921850363,26.882955214631526,1.0655788037452225,-1.7887633334485449,6.541568790725108,0.42912098896588946,-33.361757992536354,44.07970046054753,68.95542739967951,4.187338799238205,-19.040556252002716,-12.088602036237717,6.5530851156113785,18.82883541894022,0
GUIDED_NOGPS,23.21925163269043,29.529449865528942,-29.800700561622858,44.27589560996521,72.41281472436428,6.315803476245492,-9.964472453779392,40.237549098016814,37.50917924085803,-0.038136147787354635,-0.35474132251152407,26.294770059161294,1.0526747370684508,-1.7794583997063937,6.866255383729364,0.42813339674511874,-33.18446196128757,43.65257897708672,68.60784893129554,4.187338799238205,-19.040556252002716,-12.088602036237717,7.347390003556434,18.82883541894022,0
GUIDED_NOGPS,23.26711869239807,20.89431550421194,-29.817286511333023,43.597108699317495,71.83169786162973,6.847634584549557,-9.975769336641923,40.16201434766472,36.40148847555989,-0.12749367174920673,-0.37440842533975266,25.63126328507145,0.749473312745005,-1.7533897821996627,6.331683546109619,0.42701244141416994,-33.39139970845835,43.2712546848681,68.16235189049698,6.599891185760498,-18.05097460746765,-8.708282560110092,8.114975628700243,18.154644521441185,0
GUIDED_NOGPS,23.297210931777954,33.238532982534,-29.82792794304272,42.71387353452338,71.12965278272567,7.483128195032285,-9.984467653637124,40.10385448084921,35.299829956740226,-0.09654784552802434,-0.4696530387576269,24.81898645312227,2.868006025969516,-1.4692293820227287,10.0,0.42618647857378655,-33.147131340312455,43.08095953197273,68.14727248491891,4.513225331902504,-18.208502233028412,-8.369792252779007,8.486823257051906,18.23011640422253,0
GUIDED_NOGPS,23.324761152267456,36.34452878583065,-29.952284571507306,42.43598556102899,70.82873064568727,7.83267945440012,-9.990851653585812,40.06116891455267,34.20498807226379,-0.03315637959345998,-0.5060979676734628,24.730834324146795,0.5192704700642343,-2.0219186030862253,6.729547783919472,0.42454818685022383,-33.41269574035293,42.85459023589141,67.79063955480382,1.9384274259209633,-18.385793268680573,-9.016800671815872,8.82831223666403,17.157021968627244,0
GUIDED_NOGPS,23.353323221206665,35.01497670846343,-30.05129868046822,41.78463668615787,70.3001338572779,8.333751933963798,-9.9952334966702,40.03187044102779,33.11773974312037,0.01953196646828283,-0.6416370953368421,24.04174507652067,1.3451288262760166,-1.867435398509728,8.020775032989059,0.4233815384890608,-33.513731583763956,42.13893902037705,67.3748132884745,0.9602056816220284,-17.947836220264435,-7.696046680212021,9.905463895557304,13.811487737675572,0
GUIDED_NOGPS,23.386817932128906,29.862261934427398,-30.11817125422899,41.186377285018324,69.70282678508302,8.84821649684194,-9.99795397940427,40.01368038040184,32.03885354496953,0.2117430546453223,-0.794145401106295,23.64406584983314,1.3136669794828288,-1.8039032195892355,8.40764431871813,0.42236835489915625,-33.459917123366864,41.8174767911167,66.98569272469038,3.1265661120414734,-18.017157912254333,-14.255096018314362,10.540933947603575,15.089947178592926,0
GUIDED_NOGPS,23.420612812042236,29.5975894602395,-30.200076071484048,40.59205073635588,69.11980635517078,9.336237992935002,-9.999383259604178,40.00412373328092,30.969088829684367,0.4073143290897436,-0.7751863434350734,23.282694201226107,1.3634612363667105,-1.8260099966237973,8.47843524625515,0.42134308916956786,-33.74114406635459,41.11516628217649,66.55078742776494,2.770842984318733,-17.01621115207672,-13.2241889834404,11.421569202131703,11.792833866214766,0
GUIDED_NOGPS,23.45356774330139,30.348863628141213,-30.349135218388476,39.99929144405386,68.51981200470492,9.818494853900562,-9.99992158135879,40.000524333354605,29.9091948468957,0.5558066437097876,-1.0383493700091393,22.937240308479787,1.4876884402243509,-1.960357152240396,8.808954579007423,0.4203722381069043,-34.00097124028069,40.60275144718376,65.94766471613482,-1.1335331946611404,-17.2456294298172,-14.159901440143585,12.196810540269173,10.322136189786464,0
GUIDED_NOGPS,23.48915410041809,28.105740687381477,-30.431360580124675,39.451572154468195,68.00870633362194,10.26055203868077,-10.000000000000012,40.00000000000003,28.859909865536395,0.659522692730461,-1.0802536477842253,22.716973537936045,1.3599472095279308,-1.8271480938617204,8.63857207888566,0.4192401040551653,-34.31306519332815,39.833316829182095,65.48845076280308,4.128803685307503,-14.52219933271408,-9.23074334859848,12.840592280320728,7.75235862306556,0
GUIDED_NOGPS,23.52205753326416,30.39747213404647,-30.54865809659797,38.897439327727106,67.38692904813993,10.685994152340454,-10.0,40.0,27.821960295385253,0.6152896939743708,-1.192263520808851,22.465187151919988,1.5268743175061856,-1.8888725241166813,8.997001426373767,0.4183556744798603,-34.31306519332815,39.833316829182095,65.48845076280308,1.5229101292788982,-14.455971121788025,-15.92119038105011,12.840592280320728,6.4090960548504174,0
GUIDED_NOGPS,23.55548858642578,29.917856684308887,-30.662112191007978,38.43487097461607,66.84629990196586,11.042082446714913,-10.0,40.0,26.79605980861146,0.553564100506202,-1.1914587324255532,22.340244208980234,1.3812383199102911,-1.9088583142960724,8.756096371644892,0.41733158906254053,-34.365825104399725,39.436734118852975,65.34943695766742,1.9259952008724213,-13.151206076145172,-14.906057715415955,13.209666101730653,4.784917197582759,0
GUIDED_NOGPS,23.588242769241333,30.536453252180497,-30.795076037414635,38.00082460403439,66.33414658214087,11.355206406768529,-10.0,40.0,25.782908461318698,0.46719075556183726,-1.213230280570086,22.264342024281177,1.3974122990526057,-1.9601876482040783,8.724433152424366,0.4162764459247758,-34.06797469984406,39.22890269660985,65.36607986102122,-0.4737583454698324,-11.847122013568878,-14.100916683673859,13.403943528602015,2.225228247152787,0
GUIDED_NOGPS,23.622768878936768,28.970189252659207,-30.901663858801705,37.60753149354634,65.83241796914503,11.661623880784546,-10.0,40.0,24.78319181508897,0.315981573116862,-1.2878599156494073,22.238638314887126,1.3201965722628493,-1.9154839942899478,8.802485566394765,0.41522473738797283,-34.365313273053594,38.96050985854332,64.86679288796806,1.9476532936096191,-10.059339553117752,-13.733842968940735,13.69268437057676,2.5513751161061853,0
GUIDED_NOGPS,23.65715479850769,29.086712898751735,-31.03314256455196,37.205270256732696,65.34316061465985,11.965000824415252,-10.0,40.0,23.797580058527103,0.2795627109776631,-1.3475669747744259,22.276559525159037,1.3683164389698315,-1.9581196362628956,8.918943512996858,0.4141740773929238,-34.45448091981444,38.3812578066662,64.31295704373521,0.2791760955005884,-9.303206950426102,-11.639770865440369,14.062950865524652,1.8018318641362785,0
GUIDED_NOGPS,23.688241243362427,32.17379031020834,-31.10368042572604,36.833317511386866,64.92525131500628,12.147621501544226,-10.0,40.0,22.826727128804862,0.28295814208837927,-1.294858725114555,22.401625411503847,1.4054322391576939,-1.8459417330630319,8.458925682262356,0.4130156380400115,-34.56889708063153,38.09930162462629,63.88993656081148,4.5093826949596405,-9.212660044431686,-8.384735882282257,14.235923620826554,-4.205222821024498,0
GUIDED_NOGPS,23.723097562789917,28.694697954436617,-31.18680330477225,36.5574848673114,64.57601636153954,12.305251060603515,-10.0,40.0,21.871269833205048,0.28320069384519403,-1.3029613571825998,22.582878141508477,1.1813970178452426,-1.9095877589563763,8.28994223713376,0.41174380568290614,-34.01262970305743,38.87389875664607,65.015346611527,1.9260099157691002,-8.41665044426918,-10.094493627548218,14.571337809443976,-4.754664155314657,0
GUIDED_NOGPS,23.757179737091064,29.348447317967448,-31.322135915442146,36.17912195593589,64.11792400529268,12.447692949001897,-10.0,40.0,20.931826970665497,0.23733218494800318,-1.4518995017285459,22.87623135126594,1.442038438907093,-1.9765816013353452,8.305003892675728,0.41072226587007493,-34.4993110456099,37.20116789054171,62.8215267023486,-0.4649367183446884,-8.52300301194191,-9.159551560878754,14.326911339271115,-5.645335337236306,0
GUIDED_NOGPS,23.790622234344482,29.909322988718856,-31.42287835683863,35.853280953601484,63.721732965933995,12.427130580235968,-10.0,40.0,20.008998453323528,0.34453544574636474,-1.4293007536425009,23.277959172583994,1.3671426204721642,-1.9346710029587133,7.333137422830976,0.4096105968512378,-34.29662475571763,36.86091771383996,62.541116700249205,1.126401126384735,-7.110404968261719,-7.190490514039993,14.254779752965405,-13.813395068001297,0
GUIDED_NOGPS,23.824106693267822,29.868641623642514,-31.456820407338217,35.568649629150684,63.27517171166204,12.447211926872114,-10.0,40.0,19.103364428059848,0.3725852984398882,-1.4911020128000687,23.65786624705115,1.279240706119583,-1.8137667621164943,7.588199740265043,0.40863325316115684,-34.44031982294314,36.51287722380039,62.30314994158376,5.798191204667091,-5.435819178819656,-11.460546404123306,14.108067643302148,-9.636625961285427,0
GUIDED_NOGPS,23.85688829421997,30.5091324366985,-31.475286590280543,35.29153129369183,62.865310157396586,12.411965759855594,-10.0,40.0,18.215484398042946,0.3813782865422069,-1.4064853604937195,24.27318432899926,1.2878811212806782,-1.782253049258399,7.232808916841468,0.40761848667628486,-34.44031982294314,36.51287722380039,62.30314994158376,6.564841419458389,-5.625667050480843,-9.988468140363693,14.108067643302148,-12.375792219422646,0
GUIDED_NOGPS,23.889989852905273,30.215280879450198,-31.563670658740776,35.03351518503934,62.42653175064797,12.290871078043342,-10.0,40.0,17.345896344272973,0.4312713243252691,-1.3468562082139215,24.804929923810384,1.2961654049771274,-1.942053536369876,6.642877719854157,0.40669717695045826,-34.688158967298804,36.16315525808362,61.72549659620118,2.433382347226143,-5.406561866402626,-12.078791856765747,13.84755641644581,-15.899780510366535,0
GUIDED_NOGPS,23.92443585395813,29.03737754854789,-31.599625068144377,34.818264519747764,62.07673739522284,12.12283970251857,-10.0,40.0,16.495115847126186,0.5053730071260895,-1.270448696237987,25.516345352285988,1.1878675996997359,-1.8558032576895118,6.291357324955262,0.4056328304021768,-33.54449306623214,36.53378937309735,62.90336665074662,2.4605803191661835,-4.431388154625893,-10.793585330247879,13.834235565950863,-18.174769673830628,0
GUIDED_NOGPS,23.95825481414795,29.573381655115035,-31.58421474002553,34.546251861117376,61.54908137377858,11.866084374936662,-10.0,40.0,15.663635207898778,0.42083404822154913,-1.3390461003414234,26.258568349012933,1.2862087996395393,-1.7302245239497407,5.610115511669956,0.4049627442870291,-33.9316547976018,34.355081291382305,61.833259543313275,6.827392429113388,-2.6298407465219498,-19.574029743671417,12.516226385975042,-19.391702770704505,0
GUIDED_NOGPS,23.991546154022217,30.04343590625179,-31.568460564745184,34.342528287778364,61.01481049462839,11.522983017506853,-10.0,40.0,14.851922570351377,0.44663028533451216,-1.2611591053582407,27.0031323930779,1.1708983804504705,-1.7569115163460705,4.852747315787825,0.4043463829518964,-34.175121314398766,34.80862856315338,59.878459241393614,7.420981675386429,-1.3213224709033966,-15.679188072681427,11.97952929956757,-22.637113258612963,0
GUIDED_NOGPS,24.025193214416504,29.725754783841246,-31.63521244225577,34.13809934934271,60.50088455243233,11.087950010479235,-10.0,40.0,14.060421042252955,0.4520934228143174,-1.2184267738679966,27.775889750489387,1.2041697966682454,-1.9384806991306758,4.067587371308166,0.40372871198991445,-34.05079191892834,34.56021184289901,59.71583769681348,1.4895714819431305,-2.4258865043520927,-16.231006383895874,11.652233239562667,-27.0267067909982,0
GUIDED_NOGPS,24.05843997001648,30.08567411700571,-31.674933835989684,33.93968051258065,60.080599212759424,10.588966916914432,-10.0,40.0,13.289547816925136,0.38017270479284676,-1.2536349049355313,28.77342521839141,1.186235524249939,-1.8971569581451568,3.348690131956986,0.402965372219163,-33.613100997636224,33.9344505585931,60.518714901438315,1.918841153383255,-1.250464003533125,-14.03522938489914,11.020819631602915,-29.114436073082636,0
GUIDED_NOGPS,24.091861724853516,29.92660877755025,-31.769243836276267,33.74644728408603,59.52991244086918,10.10929835535607,-10.0,40.0,12.53969329478619,0.365345618084792,-1.3039117139725835,29.787503404463205,1.1940882028758786,-2.027585920076785,3.194342012473697,0.40250423526878376,-33.987238390197874,33.65336381867223,60.00674341681591,-0.7054219953715801,-1.1734354309737682,-21.649788320064545,10.480218905237763,-26.37242247983517,0
GUIDED_NOGPS,24.127407789230347,28.137227805133296,-31.75063362651926,33.56913236192421,59.076779066742866,9.455492893134608,-10.0,40.0,11.81122020489525,0.31230394313563326,-1.3532947287237163,30.678501581691368,1.0947016545318045,-1.8151331910205972,1.9923866486824187,0.4018863931232036,-32.427853186483475,33.36818478863588,60.11865472115688,2.261139638721943,-0.1870052656158805,-16.986727714538574,8.83548251813837,-32.569142340180505,0
GUIDED_NOGPS,24.161741256713867,29.13196643885092,-31.71695969369851,33.40802779835514,58.54630893939373,8.8569456146345,-10.0,40.0,11.104462726496621,0.2824253873331183,-1.3372531756842951,31.853635628392063,1.063244433001645,-1.7935020584677592,1.8276672932284983,0.4014686615306474,-32.20367908599158,33.4084211987371,59.80777539699845,2.601883187890053,0.04153517074882984,-20.19328474998474,8.416223720100735,-27.472940124948057,0
GUIDED_NOGPS,24.19298768043518,32.009524318301494,-31.71807679785129,33.27579978087575,58.01374186922012,8.262806322507522,-10.0,40.0,10.419725610563859,0.23426318885484604,-1.44175229522114,32.95381859423562,1.0351529776331163,-1.8782832073817726,1.1560624459654236,0.4011048153020485,-32.95640184994526,33.2853003659948,58.17057173206298,2.601883187890053,0.04153517074882984,-20.19328474998474,7.828518363914835,-27.472940124948057,0
GUIDED_NOGPS,24.22749423980713,28.98620594333103,-31.763387509021424,33.15727255402513,57.42705241900567,7.589934740483969,-10.0,40.0,9.757283301343676,0.24379709239955247,-1.6558478831280687,33.90531175694259,0.9869051895230168,-1.9901177290486847,0.59152099849614,0.40088855022523956,-33.70035226819842,32.990073352451944,56.619146283583206,1.769571378827095,0.519079901278019,-21.27099335193634,7.19916625827166,-31.838616042407203,0
GUIDED_NOGPS,24.260119915008545,30.658099978802564,-31.7327567933894,33.024684263762424,56.89983013891121,6.83802733300286,-10.0,40.0,9.117379057900308,0.31703296868179437,-1.83252865525702,35.05500334898498,0.9842286813209887,-1.8386882630203334,-0.4278490316149126,0.40059974664808107,-33.16487502556092,32.53124121390429,57.62862161566234,5.087755247950554,1.516104768961668,-19.383111596107483,6.804504672578608,-34.88516386508345,0
GUIDED_NOGPS,24.294406175613403,29.170867412229455,-31.730584481103485,32.88283088014551,56.39692399368502,6.101257016655615,-10.0,40.0,8.500224075659986,0.4653855045476912,-2.1024530355008695,36.24679281197675,0.9873786511715293,-1.9091448021572266,-0.6446085270257336,0.4003056770463782,-33.169196159813254,32.040793831709664,57.179071431298965,3.186013177037239,1.0839632712304592,-18.583406507968903,5.6806058488941655,-32.105775476697666,0
GUIDED_NOGPS,24.328927516937256,28.97439192036419,-31.70165578709558,32.75587348806673,55.888839698970095,5.365144542186169,-10.0,40.0,7.905996607954222,0.5252649725883995,-2.1413784970241836,36.58286543989806,0.9369066949700628,-1.8675658787371876,-1.0450048909342113,0.4000671242642342,-33.169196159813254,32.040793831709664,57.179071431298965,4.883835092186928,1.623481884598732,-19.38587725162506,5.6806058488941655,-32.2684193563086,0
GUIDED_NOGPS,24.36119818687439,30.99659313453793,-31.705619365598366,32.62118688306166,55.30974452261669,4.571651224087359,-10.0,40.0,7.3348410875650245,0.8262287739894019,-2.4720168556870994,38.343018849388685,0.9590097512559913,-1.9448392622432338,-2.178782380519431,0.4000211270704027,-32.7309363140624,32.00902138731614,56.29247553800168,1.3551550917327404,0.7112578023225069,-21.92208766937256,4.243699950926182,-32.33273583262802,0
GUIDED_NOGPS,24.39434814453125,30.170073801268863,-31.70542964264146,32.48688981621893,54.689612965457684,3.7017672900705474,-10.0,40.0,6.786867248268408,0.8433982687372271,-2.668186078508801,39.23531134746457,0.9303988459303354,-1.9505733893979031,-3.0174321584885737,0.40010180613954166,-32.75458511345505,30.89902448339452,54.539819504140624,1.928061991930008,2.0845791324973106,-22.92521297931671,1.515506952156548,-32.29984847177441,0
GUIDED_NOGPS,24.4284770488739,29.30948121645796,-31.649827721911475,32.37494610106837,54.03887033895895,2.813933527524564,-10.0,40.0,6.262149246378357,0.9970440144468987,-2.791029805495831,40.38296071294513,0.8532291239311016,-1.8487978860165297,-3.513920798227537,0.4002886258684853,-32.34164480011554,30.98522515123875,53.98268916134978,4.383736476302147,2.8877880424261093,-24.132391810417175,0.5097625142569115,-31.27122881295966,0
GUIDED_NOGPS,24.460853576660156,30.890895432249703,-31.591487292788656,32.27986336138309,53.426620051771565,1.9053848858419202,-10.0,40.0,5.76072478229176,1.0458801871776071,-2.9406369884153207,40.99071777548203,0.8109093521848105,-1.8438549039262377,-4.548587266884835,0.40044940869155554,-32.63197441698464,30.771894760849392,53.34646360536867,5.378223955631256,4.066947102546692,-21.04053646326065,0.0036985814076341272,-31.85619353423623,0
GUIDED_NOGPS,24.496191263198853,28.304129242106256,-31.442478486383703,32.21953510549292,52.818677583303874,1.0510633651973,-10.0,40.0,5.28259422203169,1.224966039668049,-2.9793872128977417,42.14167978271005,0.700986063652226,-1.6802989539770472,-4.152112039377654,0.40064110322289254,-32.03424288406505,30.017003933976074,51.98326693201105,9.825292974710464,7.4639759957790375,-19.52454298734665,-2.589434908623039,-24.953781943939767,0
GUIDED_NOGPS,24.53263807296753,27.442988281633376,-31.370084947925683,32.12639399914704,52.119306658641705,0.171853948902635,-10.0,40.0,4.827719718792167,1.1880881407918578,-3.109405840164458,43.1027898517684,0.7387837766700286,-1.8378867400299068,-4.712494788899912,0.40106102197861615,-31.712986541752223,30.17415520634644,51.806179406843626,3.555639088153839,5.035513639450073,-23.034626245498657,-3.0576392672595776,-23.437384325548553,0
GUIDED_NOGPS,24.56468629837036,31.20785124889322,-31.263383579787945,32.08030458490279,51.47454972863717,-0.638277087736163,-10.0,40.0,4.396024334482291,1.2677930333113214,-2.985425527010856,43.5012494275686,0.6451348029346522,-1.7441274457442053,-5.435583830816381,0.40142675692625085,-31.5515682060625,30.294564892954387,51.207862975705396,5.7841721922159195,6.428820639848709,-21.712443232536316,-3.4495359392576184,-22.077674661812022,0
GUIDED_NOGPS,24.596458196640015,31.48167830068303,-31.111751253099623,32.06899035717837,50.90398261858533,-1.3934233259531499,-10.0,40.0,3.9873911612700965,1.187987822388423,-2.9404056157571863,44.17534811751384,0.5556982937036934,-1.6359049722994112,-5.597928018391839,0.40169110388462803,-31.373946591572015,29.92099785150758,50.81502917605353,8.487660437822342,8.908538520336151,-18.707258999347687,-4.387463347521325,-19.715062709033127,0
GUIDED_NOGPS,24.63154101371765,28.512120511739834,-30.945922634567935,32.070940580291435,50.39563313044419,-2.043064537643749,-10.0,40.0,3.6016624431265143,1.098736032956574,-2.8546325270469897,44.84131205215759,0.5109277452854853,-1.6235022760522546,-5.007883031750217,0.40187204307524355,-31.10232469795801,30.07017843993132,50.61100848050569,9.005355089902878,8.641494065523148,-16.637882590293884,-5.1823525802883985,-13.737895010689623,0
GUIDED_NOGPS,24.666979789733887,28.221286216038003,-30.821127152881992,32.02751397477308,49.81635679489987,-2.7820047806086396,-10.0,40.0,3.238638697370419,1.221041455659642,-2.695162550966001,45.27223551708287,0.5709091246642024,-1.719580974257531,-5.756532109316565,0.40223718269985975,-30.684580719159037,29.763898268745173,49.53330518592107,4.7373928129673,6.655909866094589,-16.302330791950226,-5.966610449509508,-15.687583608327165,0
GUIDED_NOGPS,24.69840931892395,31.827352541678366,-30.630772305619708,32.031926035040165,49.26275595930343,-3.4782598001126335,-10.0,40.0,2.898077836211968,1.2010819353575724,-2.489093609272601,45.667006790731264,0.4748803093873236,-1.5218997135548054,-6.522986068238408,0.4026050454797778,-30.53555553366089,29.67587592060351,48.574568689711455,9.078513830900192,9.30279716849327,-12.435826659202576,-6.643854320073608,-11.624013788046852,0
GUIDED_NOGPS,24.738996744155884,24.640778296067396,-30.448431635438272,32.04099992630339,48.651985296347824,-3.9578972653638487,-10.0,40.0,2.5796942882967926,1.0776279736568843,-2.554831191826212,45.87252718285695,0.45141572606630465,-1.5466423325501693,-5.283503118590262,0.4031290434045731,-30.01227153946327,29.821504734478808,47.98297843592125,7.815960794687271,8.431415259838104,-20.882542431354523,-7.0869538135450885,-4.369235299790368,0
GUIDED_NOGPS,24.765973329544067,37.08327660138809,-30.300442145237,32.053106397472696,48.04375629561772,-4.441298553545315,-10.0,40.0,2.28315812025059,0.9962159607317405,-2.5541603391836696,46.042438383744766,0.4270093497170343,-1.617061009345124,-5.528524833574473,0.4036906338285695,-29.898831401091797,29.727193362849732,47.562893481721915,5.305171012878418,8.670896291732788,-19.80610191822052,-7.443924777538571,-4.091083102917592,0
GUIDED_NOGPS,24.801850080490112,27.87709445223552,-30.023456717871284,32.13881859950411,47.38364517635285,-4.930388902544462,-10.0,40.0,2.008094158223031,0.8042052025366659,-2.5974103776686595,46.11294642654681,0.3003183281729245,-1.3652304959322608,-5.618011248171628,0.4043939774747931,-29.168424768338568,29.92619502700176,46.19466335582445,11.955321580171585,12.577371299266815,-19.52826976776123,-8.298309197478524,-2.8755403764266334,0
GUIDED_NOGPS,24.83203887939453,33.132718755677736,-29.788382791035346,32.20346142177161,46.68530272940356,-5.335595239308494,-10.0,40.0,1.7540811094321782,0.6157405398204445,-2.6540789631083745,46.10637578456526,0.30172241321203885,-1.32887705767929,-5.8892774325557955,0.4052284489031477,-29.168424768338568,29.92619502700176,46.19466335582445,8.768162876367569,10.896813124418259,-20.898252725601196,-8.298309197478524,2.753212115278528,0
GUIDED_NOGPS,24.865367889404297,30.009902406914513,-29.486076441895715,32.31036304654907,46.14947522489368,-5.6498013436489085,-10.0,40.0,1.520650683707828,0.34882691229882196,-2.668129089117914,46.04412202537518,0.22919722306334459,-1.2073408817524098,-5.276090599172522,0.4057737686622609,-27.410634271194837,30.386347037891802,45.79565990126726,10.437358915805817,12.042296677827835,-18.161505460739136,-8.51260383212297,1.0291673546088207,0
GUIDED_NOGPS,24.908669233322144,23.096896407409854,-29.179681757158242,32.40172989470151,45.58606575246711,-5.954133689152142,-10.0,40.0,1.3072867150367244,0.3058120084120948,-2.5810446040870745,45.88226020242421,0.27555844460067946,-1.327773500695511,-4.977424766981566,0.4063971280171411,-27.410634271194837,30.386347037891802,45.79565990126726,10.282938927412033,10.82739382982254,-17.974068224430084,-8.51260383212297,2.848718223555993,0
GUIDED_NOGPS,24.937411546707153,34.8008595869668,-28.798295419670435,32.53871573073142,44.93469659054592,-6.21550446638464,-10.0,40.0,1.1134242831061272,0.09595397925599025,-2.5278542924821883,45.63004522203774,0.1362343799642115,-0.8343379366617896,-5.566844892603899,0.4072622766090493,-27.293421530667903,30.418261042516725,45.336424294151605,13.043990731239319,12.711520493030548,-13.617804646492004,-8.503640399262565,11.378949161947734,0
GUIDED_NOGPS,24.969792127609253,30.88816554974593,-28.458106811859636,32.642766566017656,44.56307752324928,-6.224700225981392,-10.0,40.0,0.938448834847776,0.1671622365098772,-2.1788156176386697,45.05988493578717,0.21450501583947887,-1.0238535834894589,-3.791075101874625,0.40759851479003417,-26.250796599422543,30.78088939061881,44.17298991915053,12.174531817436218,10.70936769247055,-10.38963496685028,-8.431793451709694,13.207552165979289,0
GUIDED_NOGPS,25.003205060958862,29.937288994525456,-28.081117004253304,32.76654132923925,44.078121702890336,-6.258940512302259,-10.0,40.0,0.7816953059827654,0.22162563134302996,-2.157696886168402,44.62829552741782,0.18123961385472373,-0.9237245353286313,-3.960624172570313,0.40819713965909166,-25.774348255304794,31.041590915996547,42.8629301624042,12.174531817436218,10.70936769247055,-10.38963496685028,-8.26622025051104,13.207552165979289,0
GUIDED_NOGPS,25.03749132156372,29.171678953957436,-27.704031127448356,32.90718149665554,43.46621041298734,-6.205191195164502,-10.0,40.0,0.6424472425653391,0.2980319960606272,-1.9192242463919917,44.055659297593124,0.1476117124497217,-0.9065204894735982,-3.4092568381526407,0.4090837962953825,-25.43108133018542,31.53281361243683,41.99924026311453,11.486515402793884,10.267668217420578,-16.762159764766693,-7.9657170998208615,16.967494464443146,0
GUIDED_NOGPS,25.07300066947937,28.167272190024647,-27.248109591803615,33.10373186659654,42.864409724316594,-6.124584932210544,-10.0,40.0,0.5199359225265141,0.18904122673170565,-1.6899356497283098,43.58068794271043,0.05958888982251677,-0.7254882925276833,-3.2199598387397748,0.40998233463809314,-24.921094835048216,32.007547976118026,40.67928201796009,15.922854840755463,12.490855157375336,-13.376830518245697,-7.643152049817328,16.749730958230213,0
GUIDED_NOGPS,25.11508345603943,23.765512474006584,-26.79077923898163,33.308157577463085,42.25863171852629,-5.964791040847672,-10.0,40.0,0.4133394772187273,0.11974615615714952,-1.4262328247664016,42.816386359491425,0.0811639797050543,-0.8283660051322368,-2.820955425916663,0.41091011902618135,-24.54639491155718,32.393267230219,40.51645821970056,15.595938265323639,11.935713142156601,-14.615412056446075,-7.4168561298747875,20.078734423843166,0
GUIDED_NOGPS,25.143775939941406,34.86073340204129,-26.310250963028842,33.54800000283244,41.49992212685714,-5.76082427249853,-10.0,40.0,0.32178201296048314,-0.09740860944600462,-1.0165509279947493,41.92476663504879,-0.1145641128927561,-0.35073100768427273,-2.036025779236576,0.4121971207439325,-23.954242462210424,32.88985805091531,40.0018318031383,12.331314384937286,11.154237389564514,-16.86466485261917,-6.923051749836144,22.031784328325998,0
GUIDED_NOGPS,25.17885136604309,28.516385194854642,-25.855481956607445,33.780327794228235,40.96522976241225,-5.403642534375205,-10.0,40.0,0.24433273257940868,-0.23129709916648866,-0.8469680030739108,41.08781915981752,-0.03989863692694279,-0.5794463599027472,-1.1988414446028717,0.4130546619816405,-23.409673668218495,33.13967040854453,39.296015022628346,16.98840707540512,13.5196253657341,-16.81010127067566,-6.278186334890646,25.172908072892113,0
GUIDED_NOGPS,25.212175130844116,30.014412170913747,-25.38301492807335,34.02165051105339,40.38013408682199,-5.107446286252124,-10.0,40.0,0.18000505695769675,-0.4441717373984249,-0.6710904718635239,40.28047713954367,-0.08127841567989505,-0.45393678662516945,-1.2918023489131643,0.41404246137797807,-22.87512368917138,33.26781399888874,38.501449493854814,14.82970267534256,12.706616520881653,-13.901294767856598,-5.738364427821773,20.748355924787457,0
GUIDED_NOGPS,25.24461007118225,30.835935891780622,-24.880760555921306,34.277239878217024,39.77923592308318,-4.737216666554371,-10.0,40.0,0.12775574657470656,-0.5480250305327332,-0.5297257798075055,39.57571773041425,-0.1288211590880457,-0.3098082657169641,-0.5576773276603166,0.41508835467611815,-21.58969804773499,33.83976834006073,37.0719266180257,14.82970267534256,12.706616520881653,-13.901294767856598,-4.327380035905345,20.748355924787457,0
GUIDED_NOGPS,25.278045415878296,29.914442621781614,-24.48675231303373,34.46625629202176,39.20734560524015,-4.296537483547158,-10.0,40.0,0.08648402305240666,-0.8568885860390899,-0.5310922445283311,38.739135670303575,-0.01201000125943303,-0.546250050060985,0.05341344843383089,0.4160971781867706,-21.328934956732,34.01469196065078,36.7617555990506,8.171025663614273,8.469638228416443,-13.244612514972687,-4.057574006114097,24.321776002302023,0
GUIDED_NOGPS,25.311451196670532,29.941135739015596,-24.021478219434407,34.687415229347486,38.649170983492986,-3.8696265535256313,-10.0,40.0,0.05503069069922617,-1.079547256813658,-0.4264266924913202,38.110126474164176,-0.07513478585410738,-0.3471200001361634,0.2371297076602672,0.4170991104321733,-20.990086748735546,34.21051111655275,36.50183971498598,12.202422320842743,9.972241520881653,-12.049470841884613,-3.65970230310098,22.38475655180121,0
GUIDED_NOGPS,25.34488296508789,29.917856684308887,-23.520823423751374,34.920933371897405,38.06508465004782,-3.410350763024218,-10.0,40.0,0.03217725805413352,-1.014971446749184,-0.13272647710750918,37.075345984718076,-0.10552681266920744,-0.2296290539306374,0.6986488827429516,0.4181706662484072,-20.419706399224808,34.5738916393055,35.94186317561473,14.061570167541504,10.19258201122284,-14.063858985900879,-2.836593944522593,22.216289935922845,0
GUIDED_NOGPS,25.37913417816162,29.201127858808785,-23.034254980446217,35.12029332353228,37.530197722480075,-2.797608831526299,-10.0,40.0,0.01664505943026029,-0.9633085361974421,0.17386974907909417,36.18683058125321,-0.04355174192038746,-0.24192671919776654,1.9033274185558031,0.41915803720225997,-19.858258373815467,34.94246221797711,35.352474539066066,12.473488599061966,7.317180186510086,-10.747474431991577,-2.0456212757559684,29.539113330011936,0
GUIDED_NOGPS,25.411930799484253,30.498040384797168,-22.519192957027272,35.339257644021316,36.886403646446716,-2.2328633385285888,-10.0,40.0,0.007094376459662044,-0.9333833430095007,0.30315090267843436,35.34821995495904,-0.1078268310219991,-0.08685756153154484,2.11324343284414,0.420378269933815,-19.36919605663585,35.2234352488541,34.62562363291468,13.456746935844421,7.943680137395859,-16.373255848884583,-1.3331596170849276,24.74776294800467,0
GUIDED_NOGPS,25.445133686065674,30.12435270374121,-22.02618316474118,35.52573480971145,36.22469461918703,-1.666082293996469,-10.0,40.0,0.0021235596376243393,-0.8497807069906338,0.5670444393285742,34.560931370088355,-0.050853879392274225,-0.10988433443924657,2.4091836876493353,0.42164356501808614,-18.792347695832518,35.547245002364846,34.15653642109591,12.719151377677917,6.1229851096868515,-19.559331238269806,-0.5207595631698956,23.87314527195349,0
GUIDED_NOGPS,25.47940468788147,29.184872838604182,-21.537261024122778,35.71023046841345,35.59291214977751,-0.9859909702178309,-10.0,40.0,0.00026814986662770934,-0.8717628170606736,0.7250365865887539,33.568812242198156,-0.04814941870913467,-0.10735639203213941,3.3716557022637175,0.42285455772990677,-18.23688055250556,35.906917989326075,33.59387081315532,11.432665586471558,5.173182114958763,-16.816818714141846,0.33202701695529246,28.665064267209157,0
GUIDED_NOGPS,25.51317572593689,29.619117563979437,-21.076668302177453,35.88976281824448,34.928220715339286,-0.3720908289021053,-10.0,40.0,-1.4210854715202004e-13,-0.8027290279022969,0.8810224191410952,32.69097242440602,-0.05713935833548585,-0.10731931235646562,3.4192720707079,0.42413631074630276,-18.015777635878166,36.05908232464113,33.295809957661895,9.851032495498657,4.829028248786926,-19.271470606327057,0.7501591369562699,23.976684109581715,0
GUIDED_NOGPS,25.546319723129272,30.175717286828398,-20.565395235921763,36.07930874037504,34.36158161450131,0.23442891457370857,-10.0,40.0,0.0,-0.8385791967518129,1.02752704199096,32.082696267492196,-0.09560998357461302,0.058892514590946715,3.7934698153806132,0.4252239452630505,-17.63427883610433,36.382341141865716,33.234466453528086,13.883836567401886,5.286843329668045,-15.144531428813934,1.3156335721127719,23.04900781651058,0
GUIDED_NOGPS,25.579529285430908,30.118079590986774,-20.12300036114854,36.241864071799576,33.7646500388211,0.8907904030497773,-10.0,40.0,0.0,-0.9088661655403283,1.049332741081343,31.053731684124358,-0.05434654429045438,-0.045968552320562885,4.492577582535701,0.4263730156153358,-17.25220813842106,36.4614993974407,32.45811815307971,9.481675922870636,3.926161676645279,-16.637827455997467,2.076183686665895,25.136680749534367,0
GUIDED_NOGPS,25.61974573135376,24.86898776207191,-19.652894758463706,36.406845904719745,33.23360643570217,1.5898773521398517,-10.0,40.0,0.0,-1.086946699562309,1.0689525661939103,30.018705307868135,-0.012076458144991288,-0.11899417608317957,4.430301327600388,0.42738163751684755,-16.799827470596732,36.72531130706056,31.896755480825494,11.068116128444672,3.8577500730752945,-12.530966103076935,2.9740788072953586,26.283881030077,0
GUIDED_NOGPS,25.65369939804077,29.45748498788496,-19.14045340231271,36.62419106334957,32.551010652925726,2.4560831289226943,-10.0,40.0,0.0,-1.1711622916983313,1.075566003579481,29.342547315888137,-0.18760944976189767,0.15683766463557838,6.571957314586041,0.4287025855779593,-15.081067555528282,37.72586182141201,29.858569410825076,5.296104401350021,2.5843609124422073,-11.224420368671417,6.472877005256407,22.450442481049222,0
GUIDED_NOGPS,25.686415195465088,30.572288673620374,-18.74606162553983,36.76806727589975,32.00093104527023,3.20734245929616,-10.0,40.0,0.0,-1.1416170277829718,1.0861886552861433,28.673738607455075,-0.06092989564368534,-0.014803330356279669,6.519154579776166,0.42976088658080525,-15.081067555528282,37.72586182141201,29.858569410825076,4.651131108403206,1.2509758584201336,-12.037651985883713,6.472877005256407,22.208479614606937,0
GUIDED_NOGPS,25.720175981521606,29.62916077988132,-18.4009454957957,36.87993186345152,31.50263261199918,3.9681169816041573,-10.0,40.0,0.0,-0.9898384850376526,0.9464723333367723,27.807578413143663,0.007603050260749315,-0.10733579446678518,6.897675395259459,0.43071503503669917,-14.899634135443193,37.841553218680026,29.637104545877346,2.476808801293373,-0.4232061095535755,-10.512923449277878,6.89170394214513,23.754474150219103,0
GUIDED_NOGPS,25.75878643989563,25.903717290744137,-18.095022144486418,36.98704989875342,30.97561187342957,4.709684099873949,-10.0,40.0,0.0,-0.5597277059019038,0.9409065829368581,27.01999613013866,0.04725187999441462,-0.2389603239546632,6.672430746257406,0.43172130367737677,-14.73926441625813,37.96958578834922,29.374559442517253,0.12352620251476765,-0.8223671466112137,-12.198842316865921,7.339699655128846,22.051455273135634,0
GUIDED_NOGPS,25.787687063217163,34.611037760760496,-17.78547946832011,37.11611865763745,30.44079115362675,5.501899298792764,-10.0,40.0,0.0,-0.1374727115287276,0.932091049874193,26.48328498780094,-0.09122824859107324,-0.025297117247257372,8.809517676479818,0.43275592114877476,-14.17374222663702,38.69027250866651,28.532494499293197,0.12352620251476765,-0.8223671466112137,-12.198842316865921,9.088395837536869,22.051455273135634,0
GUIDED_NOGPS,25.82053279876709,30.44999419212452,-17.494257236979923,37.239052822887345,30.00364637353116,6.090017888510698,-10.0,40.0,0.0,0.14033099895403248,0.8909388933206017,26.141097633025176,-0.038211202915870074,-0.1327646216203772,7.206790312012668,0.43359047685709096,-14.110516106960059,38.78568194440677,28.25658581461859,2.8060415759682655,0.3253674367442727,-11.32674589753151,9.489217876251779,14.705660245320498,0
GUIDED_NOGPS,25.85368251800537,30.171592993561845,-17.153292128559176,37.387882459035936,29.587347571365395,6.6845180121670875,-10.0,40.0,0.0,0.4603084328385503,0.6812560878651771,25.684105043585255,-0.11333579950488372,-0.007073329737147122,7.594247252027716,0.4343838066999558,-14.110516106960059,38.78568194440677,28.25658581461859,4.394083097577095,1.2495538219809532,-7.239144295454025,9.489217876251779,12.623605996662695,0
GUIDED_NOGPS,25.887842655181885,29.27920029039734,-16.919244510493044,37.57744964448298,29.029429461795488,7.295106283317587,-10.0,40.0,0.0,0.5252641188147533,0.29423609174896614,25.323809149772497,-0.16817526722575277,-0.235849638264017,7.95259598692394,0.43545998442224054,-13.752030772046854,39.28113304142872,26.87452082123948,-2.8706656768918037,2.878033183515072,-13.400991261005402,11.552077127147655,9.24297739998185,0
GUIDED_NOGPS,25.937612056732178,20.09507337475985,-16.71477815347074,37.79010723246779,28.462090243045395,7.8365400707057145,-10.0,40.0,0.0,0.35086679098312856,-0.28212064350225935,25.125527050619734,-0.07595470101728116,-0.4003767833231777,6.879592406564442,0.43653805061309736,-13.706469058504332,39.26195299826909,26.62040799798131,-4.1374653577804565,4.778741300106049,-14.316526055335999,11.87267775101036,5.204269041393562,0
GUIDED_NOGPS,25.954927682876587,57.77596561794038,-16.529650822830824,38.003939828483176,27.894741666951713,8.374550994523517,-10.0,40.0,0.0,0.38957152533846034,-0.5968642981929094,25.073240244975995,-0.6902160180552079,0.0016014222626061086,10.0,0.4376537131454216,-13.67851006655569,39.54662026180808,26.00204655909023,-4.1374653577804565,4.778741300106049,-14.316526055335999,12.585381628864393,5.204269041393562,0
GUIDED_NOGPS,25.988117456436157,30.136257167081006,-16.418346887577986,38.15632790556468,27.645489062102786,8.629403835878472,-10.0,40.0,0.0,0.45052279947033186,-1.0831401497604962,25.020278958151717,-0.11103862625854244,-0.43642805669794466,6.700844929054038,0.43811521457736435,-13.67851006655569,39.54662026180808,26.00204655909023,0.3239875193685293,6.077934056520462,-11.371113359928131,12.585381628864393,4.154867678255402,0
GUIDED_NOGPS,26.021245002746582,30.191573749487127,-16.223898736277594,38.394296639768,27.138391418621463,9.081225536614799,-10.0,40.0,0.0,0.484572946669285,-1.3647160856764469,25.113092691235728,-0.32433966119949664,-0.2744136853833437,8.174151943719801,0.4390934176741623,-13.624744010468566,40.03850738369023,25.8817673064008,-2.3368293419480324,5.959134921431541,-13.062374293804169,13.000416996950683,1.960804090181502,0
GUIDED_NOGPS,26.07709312438965,17.90830451304385,-16.049954960508597,38.6516996912633,26.64068924801151,9.491802658110993,-10.0,40.0,0.0,0.37827676700921287,-1.6730811974559514,25.28268458077985,-0.14876668016747122,-0.4264037883356122,7.1710239511150204,0.440029534835447,-13.618111572148592,40.231238807795535,25.53972106130906,-2.8593244031071663,7.196170836687088,-12.935051321983337,13.24589500585211,0.46586463164579694,0
GUIDED_NOGPS,26.091392278671265,69.96570360979516,-15.903951114531335,38.92813001303309,26.154541859582235,10.109544202958118,-10.0,40.0,0.0,0.30346890668123666,-1.6891706685412684,25.449276309731047,-1.1810577331491605,-0.10324018599119403,10.0,0.4409867164507816,-13.655368208081738,40.37582246528021,25.344965127827493,-3.976559638977051,8.290353417396545,-12.130055576562881,13.305227727363022,-2.3831204495355025,0
GUIDED_NOGPS,26.12275457382202,31.89196751726026,-15.888032329394548,39.128010987102165,26.11377847883887,10.12788727624126,-10.0,40.0,0.0,-0.1967671311783421,-1.9687490942901078,25.938375910911905,-0.2616001134660686,-0.6206107360871398,6.193814498467003,0.4410355135759899,-13.667189458213748,40.62108504582402,24.84449464736651,-2.779371850192547,10.957636684179306,-3.42242568731308,13.34582542587382,-4.747575699616653,0
GUIDED_NOGPS,26.156301498413086,29.81640849926424,-15.709549095000469,39.45837542139734,25.640238848352222,10.305370907209822,-10.0,40.0,0.0,-0.33602668422696846,-1.7604513764931677,26.492691865835337,-0.567389286035243,-0.3196566434690654,7.238920738748261,0.44194810780922517,-13.675065674555498,40.90908989468495,24.52099581912937,0.7233997341245413,12.726473808288574,-13.969661295413971,13.314884964892137,-7.976422978787828,0
GUIDED_NOGPS,26.190751791000366,29.0353674154581,-15.518256824836483,39.81163117831649,25.209128469119115,10.338106818467367,-10.0,40.0,0.0,-0.6007540375643788,-1.4357143012731428,27.071599916865402,-0.6385516245660787,-0.2918438506809635,6.395983958771725,0.4427761428030754,-13.675065674555498,40.90908989468495,24.52099581912937,1.3993162661790848,14.038005471229553,-10.591481626033783,13.314884964892137,-17.13383347639505,0
GUIDED_NOGPS,26.22340178489685,30.63123224444785,-15.32335917951658,40.169011366042234,24.94999336084969,10.3853776756256,-10.0,40.0,0.0,-0.8055932250420594,-1.0920308149040314,27.61083822919603,-0.6932745542779816,-0.2682157020335154,6.51619522976499,0.44326130319709156,-13.548173284508524,41.397282654346384,23.859861699980268,1.747734658420086,13.089686632156372,2.045935019850731,12.88789445714303,-13.50668200822729,0
GUIDED_NOGPS,26.25776481628418,29.106292027230523,-15.17927233474301,40.52889373862401,24.6415658935299,10.340677444987552,-10.0,40.0,0.0,-1.0394401725639315,-0.7433347700969238,28.338869800374983,-0.6828033178121617,-0.3720280941340636,5.9439852398455155,0.44384432114568234,-13.371285105161625,41.911077667561656,23.353389826003983,-1.288534700870514,12.761102616786957,-2.29643564671278,12.351399739460899,-15.928262399205488,0
GUIDED_NOGPS,26.291085958480835,30.016774969226805,-15.056830577602513,40.888176558885995,24.277868592430973,10.227773267901672,-10.0,40.0,0.0,-1.0018480920326507,-0.42960833334492965,28.999620593134722,-0.7246070243175817,-0.4042033771911017,5.459029838855269,0.4445393552431618,-13.266901134125169,42.25600951446231,22.645826491201277,-2.494457922875881,12.155569344758987,-4.995251446962357,11.691646716495383,-17.46166548108274,0
GUIDED_NOGPS,26.324498653411865,29.93600696600504,-14.89203164446394,41.250931139915636,23.907605851594305,10.03945629696229,-10.0,40.0,0.0,-0.8413393402284386,-0.18360658394734403,29.65755905550371,-0.7817388804836279,-0.304420646410698,4.887088426234863,0.4452481913640058,-13.193283235260287,42.36280176531706,22.440646419486217,1.2164664454758167,13.04008662700653,-6.628640741109848,11.393983063626894,-20.079007631409965,0
GUIDED_NOGPS,26.358296871185303,29.591742569088254,-14.714155028707976,41.60328768144449,23.545999413768335,9.781220939999221,-10.0,40.0,0.0,-0.5713708305592484,-0.138227687555852,30.414248392892745,-0.7772621123471819,-0.2655582151388413,4.350357608646361,0.4459393678336713,-13.025737956673332,42.57809989068522,22.045380162353577,2.12342981249094,12.296608090400696,-6.328361481428146,10.8240567257086,-21.92186438646569,0
GUIDED_NOGPS,26.393048524856567,28.780545377194066,-14.562432362371107,41.9447455660158,23.18568359130692,9.468992983481401,-10.0,40.0,0.0,-0.4055750320897704,-0.28490029037061654,31.200085562564805,-0.7618875383687813,-0.30615885990708547,3.885040454248237,0.44662775989452635,-12.927073736123873,42.709417503578905,21.86670465011823,0.5200509913265705,11.740557849407196,-6.8111613392829895,10.498814357003639,-23.733500346825288,0
GUIDED_NOGPS,26.42742085456848,29.107907977376037,-14.41335639100945,42.31300006056303,22.733313502584977,9.125838305778984,-10.0,40.0,0.0,-0.17034710569508654,-0.26216515194458284,32.09975808003889,-0.8499322688652134,-0.303945988553996,3.479060836093917,0.4475012402916521,-12.59792398876629,43.040328124883615,21.160302281089162,-0.3839006880298257,12.587302923202515,-10.900254547595978,9.123218237707116,-21.210107448531588,0
GUIDED_NOGPS,26.461027145385742,29.761189793659355,-14.238827581653544,42.67322981644319,22.349382533159194,8.74561837742967,-10.0,40.0,0.0,0.09221442400498182,-0.36758413254398437,32.93713244209328,-0.8904220941153863,-0.22784761106179788,2.9851906822488807,0.44823905093721167,-12.59792398876629,43.040328124883615,21.160302281089162,2.384563907980919,13.509024679660797,-8.707539737224579,9.123218237707116,-23.082578196281194,0
GUIDED_NOGPS,26.493223190307617,31.065466799985188,-14.060105357373018,43.02566224389042,22.01364172615387,8.290719524755653,-10.0,40.0,0.0,0.37001013035980823,-0.4853099667694117,33.61732707587275,-0.9377838057298029,-0.1865606356570992,2.1537642734831994,0.4488821308184479,-12.448466120449392,43.24286455371576,20.85676441924371,2.9513508081436157,13.501019775867462,-6.4771682024002075,8.44424804835279,-25.670613712427187,0
GUIDED_NOGPS,26.527751207351685,28.96858855706274,-13.912457074344614,43.37251407588514,21.68446795114861,7.901566938645818,-10.0,40.0,0.0,0.8146762026994129,-0.4926305421774902,34.511497875970385,-0.8991815171076887,-0.2501108319408939,2.4822751821720233,0.4495105896798657,-12.373280253742816,43.38212895961958,20.71150574688543,1.2270680628716946,13.670092821121216,-7.125827670097351,8.11425174618151,-20.903732483121495,0
GUIDED_NOGPS,26.569982290267944,23.683787324389034,-13.805041639398564,43.73637327919327,21.281869791465176,7.4471683226566645,-10.0,40.0,0.0,1.000617804208402,-0.565216776756214,35.184616433769726,-0.8214790295156242,-0.3454839427200087,2.311955536064135,0.45027990880842295,-11.986298915291535,43.87309793837379,19.98800907518848,-2.5379182770848274,13.235355913639069,-9.775558114051819,6.256560606431146,-19.369076061531548,0
GUIDED_NOGPS,26.596630811691284,37.539304221746875,-13.726563994320204,44.10354338389516,20.96453635199666,6.841328794244346,-10.0,40.0,0.0,1.1714636737954582,-0.5734732481631429,35.980063679604,-1.1890231768741208,-0.3453838703669378,-0.4438430180553361,0.4508922373286519,-11.860759368362007,44.11143229790663,19.673801739058312,-3.9168622344732285,14.349891245365143,-5.522831529378891,5.538991674624607,-26.715813655452145,0
GUIDED_NOGPS,26.638771295547485,23.733506860942143,-13.752767800382566,44.39752796315985,20.662138172337123,6.359014117106197,-10.0,40.0,0.0,0.9721961064115097,-0.380712663263248,37.007535866638186,-0.7505538781714282,-0.5403821713146009,1.5042037500232874,0.45146253859572993,-11.703620007709958,44.34067542585015,19.374094123843225,-9.369214624166489,14.008881151676178,-9.36555340886116,4.812019158176971,-20.927382013122664,0
GUIDED_NOGPS,26.66331696510315,40.75186304324592,-13.642512177139722,44.81059973709387,20.241007752820778,5.855495463857573,-10.0,40.0,0.0,0.7822595379291505,-0.4093527136701693,37.35147004229418,-1.4327192221673626,-0.23976774881433338,-0.5025047779610134,0.45228449619307637,-11.703620007709958,44.34067542585015,19.374094123843225,-1.209340151399374,18.2081401348114,-13.167484104633331,4.812019158176971,-20.191084205500704,0
GUIDED_NOGPS,26.70094060897827,26.587455231212957,-13.548783774233618,45.152939813010526,19.899076936138197,5.36926529826537,-10.0,40.0,0.0,0.5409571187630923,-0.20531967527753522,38.22501708619296,-0.9742545700661719,-0.3091343428330869,0.625287803083626,0.4529385442050653,-11.355845950419361,44.965982722974736,18.72349953179443,-1.209340151399374,18.2081401348114,-13.167484104633331,3.3822575225463667,-20.191084205500704,0
GUIDED_NOGPS,26.73408603668213,30.171375956724408,-13.40536207561408,45.60392454873603,19.559083342740408,4.8164249002636454,-10.0,40.0,0.0,0.27861659637548414,-0.2492620708287825,38.73897516085808,-1.3066064720579091,-0.18827126987892728,-0.4256965854403574,0.45359244088755407,-11.355845950419361,44.965982722974736,18.72349953179443,0.8785903453826904,20.360535383224487,-7.871606200933456,3.3822575225463667,-21.00487050925646,0
GUIDED_NOGPS,26.76906108856201,28.598827219419064,-13.297885829322706,46.05706450235858,19.214192623364454,4.194903258902254,-10.0,40.0,0.0,0.0798161765781674,-0.3783039010029078,39.42737626692533,-1.3162835457530517,-0.24716575899824775,-1.1037594571167522,0.4542558361979263,-10.995389034877523,45.77438301165772,18.099802703052553,-1.7989754676818848,20.576003193855286,-8.877511322498322,2.0670067664609597,-23.68533726789294,0
GUIDED_NOGPS,26.799240827560425,33.143453180561046,-13.20371403519794,46.545326388981856,18.820678665898953,3.5422208328130447,-10.0,40.0,0.0,-0.06024653734774372,-0.63125995691433,40.133067996876456,-1.531115335559496,-0.24135628869530767,-2.1252552129941136,0.4550197446253085,-10.735666455893739,46.39168863113354,17.66763145312659,-3.0440259724855423,19.76715475320816,-9.920565783977509,1.0980152141189428,-21.924121763986378,0
GUIDED_NOGPS,26.833415269851685,29.266125205838847,-13.143342883087296,46.95211658180312,18.43987005022946,3.0343182195387515,-10.0,40.0,0.0,-0.07146152120191954,-0.7035362716594645,40.559282046369006,-1.2988985061387872,-0.3012758093857041,-1.147844883042751,0.45575612120124137,-10.735666455893739,46.39168863113354,17.66763145312659,-4.893850162625313,18.03479939699173,-12.721613049507141,1.0980152141189428,-16.361757430353272,0
GUIDED_NOGPS,26.86561870574951,31.059485637695218,-13.039850304227775,47.43850912315828,18.035300790648993,2.439330335840162,-10.0,40.0,0.0,0.01511352776637216,-0.8228135726826896,41.26790392747407,-1.5524699927876917,-0.1875591436226457,-2.2327611618109624,0.4565420351702013,-10.395786918673483,47.29218032262317,17.168357313252343,-2.9655249789357185,19.1874161362648,-11.566177010536194,-0.027221440634453364,-17.438634083201457,0
GUIDED_NOGPS,26.899203062057495,29.77936185621175,-12.938720113823965,47.90311701870276,17.736203363875035,1.8316871578718168,-10.0,40.0,0.0,-0.09211561304564142,-1.007934324191661,41.92841737116016,-1.50523749776409,-0.17500377941027667,-2.514875575171827,0.45711637254202286,-10.395786918673483,47.29218032262317,17.168357313252343,-2.4449393153190613,19.904394447803497,-6.694920361042023,-0.027221440634453364,-20.694667222816573,0
GUIDED_NOGPS,26.93432593345642,28.479789234958208,-12.842288315557667,48.37438329675106,17.37856144759682,1.344905656946268,-10.0,40.0,0.0,-0.40865112517636204,-1.2527989538141453,42.31472604042691,-1.5248734623391342,-0.17042609675770243,-1.9926995340253526,0.45780748311408187,-10.395786918673483,47.29218032262317,17.168357313252343,-2.5675849989056587,19.989879429340363,-10.601028054952621,-0.027221440634453364,-13.183655041620707,0
GUIDED_NOGPS,26.96713161468506,30.48673479771475,-12.758876395493393,48.84494644584031,17.009636847860758,0.8391424337086854,-10.0,40.0,0.0,-0.688886102859169,-1.598924339533242,42.84209177643277,-1.6060057500356513,-0.16817646429058064,-2.556330791789885,0.45852283985505393,-10.170910381614409,48.0231483501271,16.767289240597314,-3.679286316037178,18.831031024456024,-10.648874938488007,-0.8770455714047621,-12.53648266493095,0
GUIDED_NOGPS,27.00036358833313,30.096900114810563,-12.629835568215107,49.311045076488895,16.743809684073533,0.34755811956717564,-10.0,40.0,0.0,-0.8707490675774556,-1.822192871495498,43.273097203628076,-1.6273066814020525,-0.048463681278122464,-2.742387972539538,0.4590321798229951,-10.170910381614409,48.0231483501271,16.767289240597314,0.013032334391027689,20.564718544483185,-6.184830144047737,-0.8770455714047621,-14.220453851966548,0
GUIDED_NOGPS,27.033918142318726,29.80687341880099,-12.516031430793209,49.75550049305657,16.463031629779504,-0.1495806527080671,-10.0,40.0,0.0,-0.994960700028339,-2.00675376093594,43.60819652959266,-1.612734178477082,-0.057956676608692956,-3.0522209763321166,0.45957163436311743,-10.085168319700937,48.28388657383223,16.65393219717913,-1.0534314438700676,18.979519605636597,-7.652830332517624,-1.0839437847240927,-14.982964218075724,0
GUIDED_NOGPS,27.068650007247925,28.79872564232845,-12.41347875063358,50.17004358588189,16.252627614673013,-0.4578261229824949,-10.0,40.0,0.0,-0.9030150412991546,-2.042541817752691,43.88649258732483,-1.5663446945925414,-0.06934109786523557,-2.0652327606713543,0.45997005894702714,-10.085168319700937,48.28388657383223,16.65393219717913,-1.4461145736277103,18.115273118019104,-4.00458350777626,-1.0839437847240927,-4.34384065645626,0
GUIDED_NOGPS,27.105344772338867,27.25786515028432,-12.26896087253482,50.6121537910378,16.015002005039428,-0.883738168108651,-10.0,40.0,0.0,-0.5596185295968894,-1.735626306902816,44.31533967474242,-1.596841817907315,0.021954989919729384,-2.8435492921227397,0.4604217214803081,-9.988954561408445,48.53177679626678,16.54634558127716,1.3918671756982803,19.37461793422699,-5.950658768415451,-1.3201162282187553,-11.74691194310383,0
GUIDED_NOGPS,27.134761333465576,34.00189696404686,-12.090043463259468,51.047650993847,15.883738541693322,-1.2450228793392655,-10.0,40.0,0.0,-0.5762469986572557,-1.6062550535033697,44.49157563080168,-1.8072219876949713,0.2034864568668404,-3.20197627866173,0.46066554815631067,-9.860624811072913,48.797738132054164,16.48342516352548,3.6221031099557877,18.989942967891693,0.2998167183250189,-1.4774652576495289,-8.29392944499775,0
GUIDED_NOGPS,27.168184757232666,29.924900649966823,-11.862941162030737,51.41938282887406,15.828945518941467,-1.3754271764149149,-10.0,40.0,0.0,-0.6493522208911947,-1.515175334694896,44.65634711433906,-1.5926123892553534,0.2717646464059551,-1.6035688727709256,0.46075391740433147,-9.6671563577396,49.100918146747745,16.4404338687105,7.421119511127472,20.025350153446198,1.3656134717166424,-1.6156994508721443,1.4214428344458128,0
GUIDED_NOGPS,27.20214319229126,29.453347845932377,-11.693794797748742,51.81588921733289,15.659520996969574,-1.5774225736942962,-10.0,40.0,0.0,-0.7712220055912629,-1.3231956858770568,44.66709100190349,-1.6624167854611025,0.1686576773679036,-2.135873950911039,0.46107149120431823,-9.470948500263649,49.36055219596152,16.374369170623723,2.627619542181492,17.91749894618988,-4.181389510631561,-1.7075946763909025,-0.9278325336483959,0
GUIDED_NOGPS,27.23498773574829,30.453752713701743,-11.525569054726294,52.18202410587403,15.455914829065927,-1.709002679344248,-10.0,40.0,0.0,-0.8695312661927835,-0.980251140598776,44.602859902948694,-1.6550838684714577,0.1974559988393541,-1.826939602694694,0.46145840565362645,-9.470948500263649,49.36055219596152,16.374369170623723,2.935970015823841,17.124155163764954,-7.119407504796982,-1.7075946763909025,2.5363250077134736,0
GUIDED_NOGPS,27.273925304412842,25.686226958172576,-11.306681111226784,52.56146983165961,15.295105936363793,-1.8425201780743412,-10.0,40.0,0.0,-0.9928010795901456,-0.4930840560662085,44.45825113784118,-1.5912796480316012,0.2544531340492368,-1.7924465232933888,0.46175624050734426,-9.470948500263649,49.36055219596152,16.374369170623723,6.790333241224289,19.290365278720856,-5.316488444805145,-1.7075946763909025,0.7302436986963895,0
GUIDED_NOGPS,27.304095029830933,33.15236017578804,-11.092294915631628,52.95550814177306,15.120877239077972,-1.8611682344405303,-10.0,40.0,0.0,-1.4080010221592276,-0.1281502770440271,44.20832768592125,-1.8301780926684523,0.38461186955756954,-1.2401414618027302,0.46208642351561485,-9.470948500263649,49.36055219596152,16.374369170623723,5.623913183808327,15.891870856285095,-4.056237637996674,-1.7075946763909025,9.888435399189932,0
GUIDED_NOGPS,27.339370489120483,28.353877250265334,-10.908371428980795,53.20935095521457,15.023495894468933,-1.7912380344476273,-10.0,40.0,0.0,-1.4931382629463787,0.148198109557631,43.9752611408729,-1.4753013705195936,0.25720589737997146,-0.6769743312756095,0.46226005640495166,-9.470948500263649,49.36055219596152,16.374369170623723,5.623913183808327,15.891870856285095,-4.056237637996674,-1.7075946763909025,9.888435399189932,0
GUIDED_NOGPS,27.37065315246582,31.970729922556252,-10.71723371593869,53.46900791504508,14.883999780942482,-1.6379539915931223,-10.0,40.0,0.0,-1.5996450312123842,0.5797594767987876,43.43643093234518,-1.5601754291977137,0.3315398457788066,-0.009388785446680314,0.4625202977129385,-9.470948500263649,49.36055219596152,16.374369170623723,5.696289613842964,13.565024733543396,-5.340103432536125,-1.7075946763909025,16.313210153280114,0
GUIDED_NOGPS,27.404834508895874,29.262245787839678,-10.537743451674967,53.68478422211381,14.770325489645757,-1.4538656131651928,-10.0,40.0,0.0,-1.7866507014888673,0.5771963949518875,42.94547693480466,-1.4537995260411098,0.28318131573757976,0.20625248052942058,0.4627274785503997,-9.470948500263649,49.36055219596152,16.374369170623723,5.696289613842964,13.565024733543396,-5.340103432536125,-1.7075946763909025,16.313210153280114,0
GUIDED_NOGPS,27.44214153289795,26.80837301460484,-10.34084263353683,53.894028943403725,14.6436997815595,-1.2935751623903453,-10.0,40.0,0.0,-1.9104801101504945,0.2734858970091881,42.2612251686582,-1.4273821174664099,0.3011999033097452,0.09154357916598765,0.4629590886078472,-9.470948500263649,49.36055219596152,16.374369170623723,6.730827689170837,12.083946913480759,-5.645856261253357,-1.7075946763909025,14.99529612462218,0
GUIDED_NOGPS,27.472187519073486,33.29076910865942,-10.151080782183605,54.08273438511945,14.556254528326694,-1.1268791595255103,-10.0,40.0,0.0,-1.84149989528842,0.17990328739587483,41.87800715999088,-1.4769684868826176,0.37955490219805027,0.42196774564069905,0.4631163014531761,-9.470948500263649,49.36055219596152,16.374369170623723,6.643904000520706,11.732890456914902,-3.6705613136291504,-1.7075946763909025,14.790479241981009,0
GUIDED_NOGPS,27.506261825561523,29.35378758188231,-10.05065939267354,54.15140276556184,14.430871343077044,-0.9796670647026722,-10.0,40.0,0.0,-1.5888759573253897,-0.024297984425710458,41.21126799887633,-1.2143953217853454,0.14927003770664474,0.277221165162439,0.46334742069086926,-9.470948500263649,49.36055219596152,16.374369170623723,1.9260825589299202,7.803718000650406,-8.132138848304749,-1.7075946763909025,12.586161192085394,0
GUIDED_NOGPS,27.5392484664917,30.321219700858098,-9.890387343024642,54.25506858949157,14.321607689674558,-0.647981067666927,-10.0,40.0,0.0,-1.2060261385430153,-0.03611132353366981,40.63565722166809,-1.294563727612193,0.2907496862172027,1.6198626792251603,0.4635470287290931,-9.470948500263649,49.36055219596152,16.374369170623723,5.41723296046257,7.857003808021545,-6.034180149435997,-1.7075946763909025,24.07546572045302,0
GUIDED_NOGPS,27.573310613632202,29.363034940459105,-9.700057778032257,54.338485720970006,14.218630992950507,-0.4043302454146755,-10.0,40.0,0.0,-0.8077223230723994,-0.03751874937919573,40.291637668647475,-1.2569714428345482,0.3533298313246779,1.1872563669328429,0.4637335989973442,-9.470948500263649,49.36055219596152,16.374369170623723,7.920809835195541,7.792125642299652,-6.344402581453323,-1.7075946763909025,18.265607774697212,0
GUIDED_NOGPS,27.615513563156128,23.698908934756446,-9.584030484369768,54.37311173539037,14.078132782231895,-0.07504252609664991,-10.0,40.0,0.0,0.06952785729529191,0.14807545963726168,39.32005008940233,-1.156510467501052,0.15804327582185884,1.5163086673616997,0.4639908426243494,-9.470948500263649,49.36055219596152,16.374369170623723,3.1173335388302803,4.901294410228729,-8.837826550006866,-1.7075946763909025,23.25962011466251,0
GUIDED_NOGPS,27.640814542770386,39.536455927682,-9.402743071535307,54.52974357233026,13.906506698546716,0.24929155898814612,-10.0,40.0,0.0,0.4260383855648344,0.170915772304343,38.771906917941294,-1.5199419057019874,0.47538317105896094,2.714009776962628,0.4643200243102127,-9.470948500263649,49.36055219596152,16.374369170623723,5.693230777978897,7.926208525896072,-7.978958636522293,-1.7075946763909025,21.44103785191701,0
GUIDED_NOGPS,27.674756288528442,29.46845403704016,-9.36082431247414,54.47192101223367,13.838316063929664,0.6071503042357609,-10.0,40.0,0.0,0.8441725880735245,-0.05829980003215786,37.706817464053266,-1.0012853527787464,0.05996853561860317,2.4737695006734555,0.46443762497371,-9.470948500263649,49.36055219596152,16.374369170623723,1.4093617908656597,6.288226693868637,-8.505332469940186,-1.7075946763909025,26.200627854283717,0
GUIDED_NOGPS,27.707797527313232,30.27001436169829,-9.33122744211723,54.49786801051594,13.679134201024441,1.0359160082796095,-10.0,40.0,0.0,0.7146102494598766,-0.306085616185292,36.97124707157791,-1.1656909331167988,0.0287560058367553,3.2315195741044347,0.46473801104100093,-9.470948500263649,49.36055219596152,16.374369170623723,-1.395373698323965,6.498401612043381,-11.090756952762604,-1.7075946763909025,28.883753264054626,0
GUIDED_NOGPS,27.744460821151733,27.280558319837134,-9.245694849463494,54.59354154795989,13.613214249724516,1.3901603442820007,-10.0,40.0,0.0,0.4037536660980513,-0.35978979280351553,36.05604953412039,-1.2936206594466835,0.12583629076008393,2.759317046561133,0.46484981208284226,-9.470948500263649,49.36055219596152,16.374369170623723,2.7631165459752083,11.768434941768646,-5.965321883559227,-1.7075946763909025,24.6919978685261,0
GUIDED_NOGPS,27.774970293045044,32.78259850089493,-9.205817836949384,54.697326982123684,13.469068445970558,1.7757730457315102,-10.0,40.0,0.0,0.025295258745598435,-0.49426690609223717,35.4256947907145,-1.3526053884321054,0.04772084058238618,3.594037550377564,0.4651216712048827,-9.470948500263649,49.36055219596152,16.374369170623723,-0.19931229762732983,12.133077532052994,-10.783090442419052,-1.7075946763909025,26.241243574183198,0
GUIDED_NOGPS,27.810298442840576,28.311198110023625,-9.216893338430022,54.76962459748688,13.346055401906145,1.9845534492281454,-10.0,40.0,0.0,-0.41121452718837953,-0.5148979193670838,34.827288257151345,-1.2662034928831372,-0.0686728403074224,2.3701581493886668,0.4653487972881396,-9.470948500263649,49.36055219596152,16.374369170623723,-2.596801333129406,12.469571083784103,-11.16066724061966,-1.7075946763909025,17.333966556812886,0
GUIDED_NOGPS,27.848194360733032,26.394542754298083,-9.217347503604179,54.881852359472596,13.195107816494962,2.2270277474546116,-10.0,40.0,0.0,-1.2786997781987741,-0.6559357228382936,34.159681662012204,-1.335742702343505,-0.0556937555058961,2.619260241143551,0.4656307431788215,-9.470948500263649,49.36055219596152,16.374369170623723,-2.596801333129406,12.469571083784103,-11.16066724061966,-1.7075946763909025,17.333966556812886,0
GUIDED_NOGPS,27.875977754592896,36.00075532590596,-9.24425723843151,54.96862605361513,13.040321395198355,2.4457046017588757,-10.0,40.0,0.0,-1.7090875001610255,-0.5554707905016933,33.5863385076084,-1.3508561783221986,-0.13138565676983158,3.053432227886482,0.4659259321654721,-9.470948500263649,49.36055219596152,16.374369170623723,-3.4749921411275864,12.872974574565887,-12.772004306316376,-1.7075946763909025,17.451512404881516,0
GUIDED_NOGPS,27.909687280654907,29.67108092812677,-9.181496030630685,55.01175805593542,12.998902368629526,2.6880687667288536,-10.0,40.0,0.0,-1.3731418710695982,-0.7904034712973329,33.11722745503359,-1.2413673575953603,0.07129415090252789,3.0370081822761352,0.46599107303399523,-9.470948500263649,49.36055219596152,16.374369170623723,3.424081578850746,13.152144849300385,-8.054380118846893,-1.7075946763909025,21.920662273171768,0
GUIDED_NOGPS,27.946211099624634,27.383504495034895,-9.16418364936349,55.054073731934814,12.90307615602765,2.7572529968139876,-10.0,40.0,0.0,0.5707437338160766,-0.422066150314796,33.673693211998284,-1.2335437844671815,-0.024195273657528597,2.033837838358312,0.4661639065453027,-9.470948500263649,49.36055219596152,16.374369170623723,-0.48243082128465176,9.622317552566528,-9.071894735097885,-1.7075946763909025,8.086124354594695,0
GUIDED_NOGPS,27.988057374954224,23.90080233406273,-9.103893131221634,55.18766095308705,12.776330407173935,2.301204481866616,-10.0,40.0,0.0,0.9887345557130492,-0.7426575141520348,34.48788591200965,-1.4357651142419774,0.07775428669814609,-1.3847268112816897,0.4664005425509599,-9.470948500263649,49.36055219596152,16.374369170623723,2.346690744161606,14.781789481639862,-10.486077517271042,-1.7075946763909025,-24.814459745249845,0
GUIDED_NOGPS,28.01210927963257,41.58458091253396,-9.016792390645945,55.2477713298396,13.089016932175578,2.0153240187253996,-10.0,40.0,0.0,0.8470819818556854,-0.909359966872979,34.53970655724254,-1.2977302101994699,0.15449386529094877,-0.5237153353830473,0.46575789499843884,-9.470948500263649,49.36055219596152,16.374369170623723,4.774574190378189,12.220681458711624,15.548494458198547,-1.7075946763909025,-12.101978473333297,0
GUIDED_NOGPS,28.047022581100464,28.648052019015353,-8.993472191027973,55.20613304864312,13.161311212900445,2.423262266807515,-10.0,40.0,0.0,0.5116455220225412,-0.6396639177186489,34.82345993612155,-1.09436272456183,0.017976182946578628,3.7961959836172827,0.46559496841733655,-9.470948500263649,49.36055219596152,16.374369170623723,0.5804807879030704,5.607274547219276,0.17748670652508736,-1.7075946763909025,30.792951646518684,0
GUIDED_NOGPS,28.081679105758667,28.860750435219398,-8.997122280929826,55.21021221135786,12.801094136560238,2.2977308752907613,-10.0,40.0,0.0,0.1431479050379206,-0.9665904420936332,34.91342035767979,-1.1780820380958745,-0.037563979294756834,0.6549339115306394,0.4662976390888441,-9.470948500263649,49.36055219596152,16.374369170623723,-1.1573356576263905,8.287529647350311,-26.746463775634766,-1.7075946763909025,-2.586701921710549,0
GUIDED_NOGPS,28.11306381225586,31.86749432064247,-8.774691365049367,55.248861002185855,12.860632319765848,1.825193881790235,-10.0,40.0,0.0,0.22355796122833532,-0.8446628142290316,34.962867512176096,-1.2704981063017764,0.4923524740310949,-1.9122106394746408,0.46616239654005376,-9.470948500263649,49.36055219596152,16.374369170623723,14.240124821662903,11.490491032600403,-0.93159144744277,-1.7075946763909025,-23.208108535489565,0
GUIDED_NOGPS,28.15290856361389,25.101914525617776,-8.55763525319948,55.27250749266,12.932908509950183,1.335373901366773,-10.0,40.0,0.0,0.2553425133352541,-0.7226015174279387,34.92544832080818,-1.2249511904061448,0.41011842887692707,-1.660909720168465,0.46599726104979344,-9.470948500263649,49.36055219596152,16.374369170623723,14.240124821662903,11.490491032600403,-0.93159144744277,-1.7075946763909025,-23.208108535489565,0
GUIDED_NOGPS,28.181402921676636,35.10700415160038,-8.501625561218722,55.30547920007691,12.882180303863144,1.4678749433831857,-10.0,40.0,0.0,1.0097392016798368,-0.6471817681998644,34.90716048930547,-1.2592601268309709,0.16739729207269413,1.8124326376957676,0.466084061342967,-9.470948500263649,49.36055219596152,16.374369170623723,3.0909299850463867,10.845765471458435,-7.86900669336319,-1.7075946763909025,13.740484506158705,0
GUIDED_NOGPS,28.21979522705078,26.048827142475638,-8.467030389576758,55.24206325842632,12.81580435835765,1.2019305497939892,-10.0,40.0,0.0,0.9732119903288432,-0.6760802452173355,35.12954120339733,-1.0702177144493425,0.10539939480603672,-0.6607021944094076,0.46619708162570905,-9.470948500263649,49.36055219596152,16.374369170623723,3.062090463936329,7.628515362739563,-10.861563682556152,-1.7075946763909025,-9.05604707522965,0
GUIDED_NOGPS,28.258824110031128,25.62972196761381,-8.352788122463823,55.2514182579644,12.818912033305043,0.9203473674857809,-10.0,40.0,0.0,0.9366672766181016,-0.8148977569606152,35.57769382050396,-1.1959704921857155,0.2616606283935368,-0.8956835347470347,0.4661709223012324,-9.470948500263649,49.36055219596152,16.374369170623723,7.569274306297302,9.99511033296585,-3.4363627433776855,-1.7075946763909025,-11.203549904061807,0
GUIDED_NOGPS,28.28790044784546,34.39786771640628,-8.21325508009593,55.26467517405969,12.795537187853373,1.0897773874667238,-10.0,40.0,0.0,0.9895716807731989,-0.5949470961093986,35.72648266138352,-1.2171369718017346,0.42301041721992627,1.8967673183869684,0.46620371787466114,-9.470948500263649,49.36055219596152,16.374369170623723,8.236664533615112,7.931700348854065,-5.394823104143143,-1.7075946763909025,16.102285373973658,0
GUIDED_NOGPS,28.317323923110962,33.99445624159116,-8.19515568093604,55.115058038634146,12.730684364880569,1.0216294900815446,-10.0,40.0,0.0,1.0735330618060501,-0.7155210658578683,35.76412724899404,-0.8581530550790664,0.11465292503524216,0.17795296443284458,0.4663174691288184,-9.470948500263649,49.36055219596152,16.374369170623723,3.393559157848358,3.9001598954200745,-12.257110327482224,-1.7075946763909025,2.9807688321007886,0
GUIDED_NOGPS,28.35518527030945,26.417484411412737,-8.151791886774031,55.02094609495647,12.62788593203684,0.9700256372695183,-10.0,40.0,0.0,0.9839958985329413,-0.7018883284396402,35.603255803472734,-0.9992663780779102,0.15756326053083006,0.30657873853982776,0.46650413902653465,-9.470948500263649,49.36055219596152,16.374369170623723,3.393559157848358,3.9001598954200745,-12.257110327482224,-1.7075946763909025,2.9807688321007886,0
GUIDED_NOGPS,28.385382413864136,33.129054934639235,-8.148406145285415,54.921301638364795,12.658528834440496,0.7709218763390815,-10.0,40.0,0.0,1.05113985972534,-0.800183928662821,35.35513893658827,-0.9415268377928847,0.08890148253096057,-0.8427623795900127,0.46642740646919356,-9.470948500263649,49.36055219596152,16.374369170623723,0.014246811042539775,2.119809575378895,-2.690732851624489,-1.7075946763909025,-6.4260690749378995,0
GUIDED_NOGPS,28.41930079460144,29.4870994502327,-8.18978394015918,54.77238583208251,12.776465698347053,0.962398148357469,-10.0,40.0,0.0,1.0110031068414065,-0.7777092445597469,35.38491514627494,-0.8556320722021833,-0.009860510069816236,1.7091850258649233,0.46617423988785556,-9.470948500263649,49.36055219596152,16.374369170623723,-1.3495467603206635,1.6211574897170067,0.5278658587485552,-1.7075946763909025,17.856708254750643,0
GUIDED_NOGPS,28.45188045501709,30.699613537885,-8.151240580610194,54.676801753270475,12.997724228200145,1.008790210860884,-10.0,40.0,0.0,1.0907370276648427,-0.7552290109279721,35.4720000581926,-0.9480368357059481,0.159388070735566,0.8887525334836834,0.46571470590636693,-9.470948500263649,49.36055219596152,16.374369170623723,3.5361524671316147,3.8917824625968933,7.868233323097229,-1.7075946763909025,8.530015787432886,0
GUIDED_NOGPS,28.485759735107422,29.52238301706177,-8.122225996884122,54.571354641054164,13.114510919912933,0.9686482129795839,-10.0,40.0,0.0,1.052270896363212,-0.730765461115955,35.57059383886173,-0.9274774063259167,0.14058749467405085,0.3441414074341831,0.46546336586860043,-9.470948500263649,49.36055219596152,16.374369170623723,3.1444650143384933,3.553096204996109,0.9986425749957561,-1.7075946763909025,3.308046310805235,0
GUIDED_NOGPS,28.519169569015503,29.93771636176758,-8.128001595434538,54.42097525907627,13.196325122495736,0.8650768686974676,-10.0,40.0,0.0,1.0469773930347464,-0.8234155364641499,35.61577554022137,-0.8247050962962441,0.0712460156665034,-0.10158793375420694,0.46528211985290807,-9.470948500263649,49.36055219596152,16.374369170623723,0.7825333625078201,0.3990284167230129,-1.0673204436898232,-1.7075946763909025,-0.710808502134824,0
GUIDED_NOGPS,28.55670738220215,26.644204320952362,-8.098331497386319,54.295230608526914,13.278554610042402,0.7534280658729353,-10.0,40.0,0.0,1.0306597509424684,-0.7753980792993438,35.681502450604405,-0.8897341165995571,0.1426266827983739,-0.1477830716857419,0.4650978884725746,-9.470948500263649,49.36055219596152,16.374369170623723,3.2834216952323914,1.9859610125422478,-1.084382738918066,-1.7075946763909025,-1.2212879827999972,0
GUIDED_NOGPS,28.599628686904907,23.30181834343524,-8.117801968738135,54.15870055004349,13.388188570931135,0.7303259573238159,-10.0,40.0,0.0,1.0162842304520014,-0.7422685668953143,35.75507724834378,-0.8930995756569913,0.053934471108262994,0.33136404409583,0.4648554591949856,-9.470948500263649,49.36055219596152,16.374369170623723,-0.34607164561748505,0.545103382319212,1.146082580089569,-1.7075946763909025,3.807481268860792,0
GUIDED_NOGPS,28.623868703842163,41.265867120551746,-8.128089804655636,54.03720290190562,13.489672914025142,0.7162880538286869,-10.0,40.0,0.0,1.0010425565974121,-0.789463413151957,35.79678579851046,-0.7636144729421741,0.05668084328614342,0.31394406991601564,0.46463941142739124,-9.470948500263649,49.36055219596152,16.374369170623723,-0.34607164561748505,0.545103382319212,1.146082580089569,-1.7075946763909025,3.807481268860792,0
GUIDED_NOGPS,28.657371997833252,29.853122464376717,-8.217404369141331,53.84163696227135,13.55217640481942,0.5431214223756486,-10.0,40.0,0.0,1.0635547957588962,-0.7769697698603872,35.87769280432385,-0.6909049458391239,-0.10670612008985488,-0.716049272799351,0.46449638555799666,-9.470948500263649,49.36055219596152,16.374369170623723,-2.8510136529803276,-0.4752187058329582,-3.5675395280122757,-1.7075946763909025,-4.191172268128136,0
GUIDED_NOGPS,28.69088578224182,29.847598986649967,-8.247076700243635,53.689606025620755,13.658590091782244,0.3991618417553874,-10.0,40.0,0.0,1.0421642441040029,-0.7766757515609594,35.85437795359201,-0.7703140413326028,0.018342577693974106,-0.6143673435558099,0.4642651357292687,-9.470948500263649,49.36055219596152,16.374369170623723,-0.15444373711943626,0.2553335390985012,0.43747927993535995,-1.7075946763909025,-3.38475915358141,0
GUIDED_NOGPS,28.724387884140015,29.85439740341087,-8.2826481006862,53.536504498436074,13.608862312275862,0.3705925395179151,-10.0,40.0,0.0,1.0639687692556223,-0.7599565156898259,35.94143895984758,-0.7537230789092197,0.002613705927618665,0.051038800473601625,0.4643464356433141,-9.470948500263649,49.36055219596152,16.374369170623723,-0.5219265352934599,-0.004796864232048392,-9.190673381090164,-1.7075946763909025,3.5000800675279056,0
GUIDED_NOGPS,28.757975816726685,29.778304733370724,-8.292146623854352,53.39479694309193,13.732027499607153,0.3068344764976179,-10.0,40.0,0.0,1.0285717407688544,-0.7513437538681457,35.99969022818403,-0.7696103565808038,0.057542605154968986,-0.1930953855265736,0.4640815360938156,-9.470948500263649,49.36055219596152,16.374369170623723,1.2972259894013405,0.6436423398554325,1.684752106666565,-1.7075946763909025,1.2564519310813385,0
GUIDED_NOGPS,28.7920024394989,29.39596167728461,-8.318621191815685,53.247026010160496,13.841320848202315,0.24644069789084994,-10.0,40.0,0.0,1.0151108252969345,-0.7656214639152639,36.06164345905063,-0.7486689395998282,0.02127862005705914,-0.20728436105586,0.4638441194365747,-9.470948500263649,49.36055219596152,16.374369170623723,0.1587194507010281,0.03791333292610943,0.9345641359686852,-1.7075946763909025,1.3134056769189013,0
GUIDED_NOGPS,28.8263840675354,29.089537125657138,-8.3382857118392,53.098359132453545,13.922644461015004,0.19352323007076988,-10.0,40.0,0.0,1.064183386605949,-0.748719360401274,36.08018400755263,-0.7352033514617006,0.03416835243925738,-0.19609428374037005,0.4636625937564095,-9.470948500263649,49.36055219596152,16.374369170623723,0.686965323984623,-0.0985459890216589,-0.7851953618228436,-1.7075946763909025,1.6619022054970503,0
GUIDED_NOGPS,28.868727922439575,23.62282811329575,-8.370218324013836,52.958685449395105,14.042725729104138,0.09831576607060928,-10.0,40.0,0.0,1.0339196721672685,-0.7395959352174295,36.12309125591865,-0.7926582916350673,0.019538838343265186,-0.3970348040236402,0.4633989768137736,-9.470948500263649,49.36055219596152,16.374369170623723,-0.08382004452869296,0.2960639074444771,1.707349717617035,-1.7075946763909025,-1.010460320245802,0
GUIDED_NOGPS,28.892595767974854,41.91411925771218,-8.395254652625605,52.82762022029692,14.156609812630817,0.006614865933066719,-10.0,40.0,0.0,1.0314544007637172,-0.742820531557616,36.20936337532508,-0.6512742484332436,0.00030158778372779514,-0.7477146566020099,0.46315739247295906,-9.470948500263649,49.36055219596152,16.374369170623723,-0.08382004452869296,0.2960639074444771,1.707349717617035,-1.7075946763909025,-1.010460320245802,0
GUIDED_NOGPS,28.926355838775635,29.62476603499057,-8.450835330147028,52.67981413431363,14.198235709733542,-0.06535007545300232,-10.0,40.0,0.0,1.030201487937843,-0.7620333734451858,36.19972939350078,-0.7058604356092111,-0.046903233713916276,-0.4644486149308064,0.4630549180536478,-9.470948500263649,49.36055219596152,16.374369170623723,-1.0295040905475616,-0.08478878880850971,-3.409785032272339,-1.7075946763909025,0.35583740779075246,0
GUIDED_NOGPS,28.966850519180298,24.697946108912756,-8.499207182343879,52.55621991450464,14.283419067232007,-0.08722304896670989,-10.0,40.0,0.0,1.0241751266557761,-0.7748170863330696,36.304169816099446,-0.784338633986657,-0.01867052835721832,-0.15930026204111666,0.4628611854404587,-9.470948500263649,49.36055219596152,16.374369170623723,-1.183159463107586,0.6964679807424545,-0.10454251896589994,-1.7075946763909025,3.0953501646262183,0
GUIDED_NOGPS,28.993716716766357,37.23140561892504,-8.506247174215197,52.43732280500119,14.362342422478275,-0.2022825560005872,-10.0,40.0,0.0,1.0372050998797506,-0.7674454979496276,36.36992063214457,-0.684607911133487,0.04642210916849494,-0.9768212842122921,0.46268788468208744,-9.470948500263649,49.36055219596152,16.374369170623723,1.24076372012496,0.6272569298744202,-0.17530315089970827,-1.7075946763909025,-2.7487016291053807,0
GUIDED_NOGPS,29.02700161933899,30.04946267373549,-8.556937628886093,52.297406174159555,14.489761260054008,-0.28976744895925943,-10.0,40.0,0.0,1.0471687450532123,-0.7552546774982126,36.361782461748504,-0.6886590790772312,-0.0454048030785173,-0.6999179389660805,0.46241376949014573,-9.470948500263649,49.36055219596152,16.374369170623723,-0.9697373025119305,-0.5383419804275036,2.529456280171871,-1.7075946763909025,-1.103360284468084,0
GUIDED_NOGPS,29.069825887680054,23.35475608465903,-8.583510443387194,52.17254126026201,14.55683502303608,-0.37191078905695685,-10.0,40.0,0.0,1.0283533881588256,-0.7530465520447416,36.41427929570922,-0.7628763512858812,0.016880590060441895,-0.6075060286979644,0.4622547338710684,-9.470948500263649,49.36055219596152,16.374369170623723,0.27358303777873516,-0.018626399105414748,-0.8866778574883938,-1.7075946763909025,-0.9447551810907487,0
GUIDED_NOGPS,29.09829306602478,35.13729695314529,-8.583567732379889,52.071360969203795,14.620745131333535,-0.47181378850007777,-10.0,40.0,0.0,1.0357394906942539,-0.7591093054284799,36.44873418497735,-0.7130491790287339,0.06120184856190239,-0.987850702756061,0.46211033324404016,-9.470948500263649,49.36055219596152,16.374369170623723,1.7250915989279747,1.3000378385186195,-0.8850798942148685,-1.7075946763909025,-1.971414789057117,0
GUIDED_NOGPS,29.13018250465393,31.36936734800721,-8.632873936617692,51.95949418403421,14.740113051004542,-0.5582950767964063,-10.0,40.0,0.0,1.0688518209036526,-0.7521652975592512,36.49253277303006,-0.6989994752621759,-0.055548774230032294,-0.9033526948731683,0.461853655130514,-9.470948500263649,49.36055219596152,16.374369170623723,-1.0492989793419838,0.42015034705400467,2.5916140526533127,-1.7075946763909025,-1.538263401801949,0
GUIDED_NOGPS,29.161016941070557,32.437040817904816,-8.680827175734205,51.854745908163856,14.810621786397498,-0.6352846140414004,-10.0,40.0,0.0,1.0397462504161126,-0.7549677561922192,36.55843726833151,-0.7176796811483601,-0.05013399881182221,-0.8621967087874558,0.4616936738106386,-9.470948500263649,49.36055219596152,16.374369170623723,-1.1407332494854927,0.5608346313238144,-0.22269943729043007,-1.7075946763909025,-1.1084504829470363,0
GUIDED_NOGPS,29.19412636756897,30.207882000460934,-8.72500299537137,51.741825962379,14.879237227620598,-0.6498201136283419,-10.0,40.0,0.0,1.021412315136506,-0.7400171124292959,36.616896857437645,-0.7037401905306395,-0.04118845156266975,-0.47637829587428826,0.46153643723227206,-9.470948500263649,49.36055219596152,16.374369170623723,-1.021369080990553,-0.2131429733708501,-0.18779016099870205,-1.7075946763909025,2.6130927054464204,0
GUIDED_NOGPS,29.230764150619507,27.302222945484132,-8.768361802516525,51.63195176023858,14.945748964783716,-0.662534074000149,-10.0,40.0,0.0,1.0197263256285705,-0.7527134736009976,36.656146539503126,-0.7188111258049366,-0.03572801532439575,-0.467053400697111,0.46138155135827985,-9.470948500263649,49.36055219596152,16.374369170623723,-1.021369080990553,-0.2131429733708501,-0.18779016099870205,-1.7075946763909025,2.6130927054464204,0
GUIDED_NOGPS,29.26259970664978,31.418713529142977,-8.797128688061827,51.537642661008334,15.021565087427783,-0.7463429654800005,-10.0,40.0,0.0,1.0518764529386437,-0.7387684151108002,36.69366818370859,-0.7102013280369057,-0.019044748835299403,-0.9862778749506081,0.4612112152176046,-9.470948500263649,49.36055219596152,16.374369170623723,-0.07244664011523128,0.5935576278716326,0.4852310288697481,-1.7075946763909025,-1.811876297641017,0
GUIDED_NOGPS,29.2970027923584,29.070987953811393,-8.827236750770785,51.44771459471091,15.050654204026776,-0.8274614648106903,-10.0,40.0,0.0,1.0307960345607514,-0.758339628486384,36.75347332008123,-0.7341729709194224,-0.015713258890275143,-0.9585683588186555,0.46113190027817424,-9.470948500263649,49.36055219596152,16.374369170623723,-0.19571979064494371,0.5699209868907928,-2.2203119471669197,-1.7075946763909025,-1.904792910449401,0
GUIDED_NOGPS,29.332855701446533,27.898418273004218,-8.866074156025228,51.37084577164214,15.117547941973752,-0.8751109820523291,-10.0,40.0,0.0,1.0198452136088112,-0.7473685837711982,36.781811774947606,-0.7375673793206544,-0.04448869606487471,-0.8265070923417428,0.46097899542810183,-9.470948500263649,49.36055219596152,16.374369170623723,-0.8444345556199551,1.2713356874883175,0.2684788778424263,-1.7075946763909025,0.10162179562727112,0
GUIDED_NOGPS,29.366294384002686,29.9110293383538,-8.878181816398786,51.28109027181663,15.177233584246952,-0.8647178004075972,-10.0,40.0,0.0,1.0332200046641655,-0.7457521234545795,36.839246835678246,-0.7234027866232702,0.016156403636906066,-0.46010369081970715,0.4608381362727076,-9.470948500263649,49.36055219596152,16.374369170623723,0.9084193967282772,0.15162391355261207,-0.010021193884313107,-1.7075946763909025,3.449849148824339,0
GUIDED_NOGPS,29.402212858200073,27.845816791257818,-8.889506612480206,51.192557475280005,15.236028388626789,-0.8534281476822004,-10.0,40.0,0.0,1.0421611491745353,-0.7598711383252007,36.89308238671629,-0.7313694207867202,0.018357297172473412,-0.4530090470461633,0.4606972422430081,-9.470948500263649,49.36055219596152,16.374369170623723,0.9084193967282772,0.15162391355261207,-0.010021193884313107,-1.7075946763909025,3.449849148824339,0
GUIDED_NOGPS,29.429935455322266,36.07972404538456,-8.910450814470659,51.0946853904789,15.288003944035282,-0.9514623622650855,-10.0,40.0,0.0,1.0313032828283306,-0.7489416617144168,36.92654348346018,-0.6378573550755633,-0.01780347146792126,-1.3026931369416117,0.46057690725391043,-9.470948500263649,49.36055219596152,16.374369170623723,0.20797767210751772,-0.7775300182402134,-0.2308672061190009,-1.7075946763909025,-3.3418798663023046,0
GUIDED_NOGPS,29.464017868041992,29.348447317967448,-8.941215002442487,51.02192415402655,15.345036433444482,-1.0232914401402309,-10.0,40.0,0.0,1.0292055609794903,-0.7405403689527424,36.97036597717498,-0.7349472983930203,-0.024921742019025733,-1.025095057105568,0.46044139414706164,-9.470948500263649,49.36055219596152,16.374369170623723,-0.524968421086669,0.4503268748521805,0.3613352542743087,-1.7075946763909025,-2.0678577004679317,0
GUIDED_NOGPS,29.50548243522644,24.11961172194875,-8.96656865629881,50.93905705025207,15.399639848640605,-1.0727589879471489,-10.0,40.0,0.0,1.031557067044679,-0.7494888772608111,37.02594664154596,-0.7344896430156852,-0.0076243899297435466,-0.8817339984089455,0.4603065896391839,-9.470948500263649,49.36055219596152,16.374369170623723,-0.19360637525096536,-0.14495733194053173,0.16787939239293337,-1.7075946763909025,-0.6051618040957113,0
GUIDED_NOGPS,29.54090976715088,28.23420439705427,-8.98724334052744,50.87769180450882,15.462851827125416,-1.0616435617757205,-10.0,40.0,0.0,1.0232182598417396,-0.7517540988268753,37.06065083271879,-0.7468092787930249,-0.0076526388306460205,-0.5740271071432486,0.46015832593174844,-9.470948500263649,49.36055219596152,16.374369170623723,0.08076311787590384,1.0460108518600464,0.8657006546854973,-1.7075946763909025,3.007249475512928,0
GUIDED_NOGPS,29.565094470977783,41.355787813054626,-9.026045868841065,50.812225608028726,15.504824113547192,-1.1206286822231029,-10.0,40.0,0.0,1.0308850404633731,-0.7530825706204428,37.100511816714985,-0.681248346370791,-0.08254735441172803,-1.1582880934209434,0.460059324212456,-9.470948500263649,49.36055219596152,16.374369170623723,-1.175296027213335,0.6885798647999763,-0.4492832347750664,-1.7075946763909025,-1.3790053750286426,0
GUIDED_NOGPS,29.59665584564209,31.69100113335852,-9.056155770041054,50.75449250317022,15.52962662325354,-1.158606063762141,-10.0,40.0,0.0,1.026691411034691,-0.7435596860918583,37.14569351807462,-0.7316368920496795,-0.039273326202990795,-0.9380243277054554,0.45999029160904786,-9.470948500263649,49.36055219596152,16.374369170623723,-0.7660496048629284,0.5156039260327816,-1.072582509368658,-1.7075946763909025,-0.5144294644395562,0
GUIDED_NOGPS,29.636046886444092,25.39063266158568,-9.086823534440317,50.69454255924641,15.55621324408133,-1.19851420404901,-10.0,40.0,0.0,1.0240073601342876,-0.7444436086199931,37.17814716191594,-0.7491222695287096,-0.027785823050961472,-0.9200567657204328,0.4599124027677808,-9.470948500263649,49.36055219596152,16.374369170623723,-0.7660496048629284,0.5156039260327816,-1.072582509368658,-1.7075946763909025,-0.5144294644395562,0
GUIDED_NOGPS,29.669520616531372,29.879919072179636,-9.111335104595062,50.63724887702378,15.604867956870757,-1.2324706478130327,-10.0,40.0,0.0,1.0357143043716894,-0.7610573500849616,37.246988638560495,-0.7317043323757996,-0.027219779984249525,-0.9427879071524549,0.45979424252318923,-9.470948500263649,49.36055219596152,16.374369170623723,-0.2367799635976553,0.8668689057230949,0.2479825634509325,-1.7075946763909025,0.038616835690407504,0
GUIDED_NOGPS,29.701894998550415,30.893853349537803,-9.133826761518296,50.589023897435844,15.63997712101026,-1.2670853069216246,-10.0,40.0,0.0,1.0211434831596424,-0.750971988806056,37.2925630757974,-0.7431692231320473,-0.025702614742582522,-0.9736823307450647,0.4597037320309912,-9.470948500263649,49.36055219596152,16.374369170623723,-0.26683772448450327,1.0110589675605297,-0.34492206759750843,-1.7075946763909025,-0.30896899655166876,0
STABILIZE,29.73734974861145,28.209518172769094,-9.157401301278647,50.52844226941995,15.673315360579345,-1.2914197684237871,-10.0,40.0,0.0,1.0263174581776329,-0.7493387731816296,37.317462530416684,-0.7243990012456211,-0.02595046284621236,-0.9122212316727291,0.4596148438062485,-9.470948500263649,49.36055219596152,16.374369170623723,-0.3886621678248048,0.030683769728057086,-0.33481097780168056,-1.7075946763909025,0.21206952968352097,0
STABILIZE,29.77180528640747,29.029338685676713,-9.159613728582828,50.475297994135076,15.74363894141699,-1.3028298744387616,-10.0,40.0,0.0,1.0457794418873496,-0.7590929770074953,37.286658377259926,-0.7303336008193554,0.016231456783704586,-0.8481085005469027,0.4594525571286386,-9.470948500263649,49.36055219596152,16.374369170623723,1.0433186776936054,0.4540062043815851,2.0342515781521797,-1.7075946763909025,1.001937738265507,0
STABILIZE,29.805848836898804,29.37907750499072,-9.183336663287962,50.45032776060971,15.772830319706104,-1.3713437340180599,-10.0,40.0,0.0,1.028348372238654,-0.7365348365305001,37.370867779537015,-0.782677593859137,-0.02800045306273231,-1.2249669481035264,0.459372677344409,-9.470948500263649,49.36055219596152,16.374369170623723,-0.4874319303780794,2.0797714591026306,-0.4480324685573578,-1.7075946763909025,-2.627304835005336,0
STABILIZE,29.838993072509766,30.17615148855346,-9.209787423451452,50.404438136164664,15.810351033182151,-1.4640994424825153,-10.0,40.0,0.0,1.0219184961870273,-0.7554515256845264,37.50769695917988,-0.7374563566999167,-0.03735853667327277,-1.4379316650225693,0.4592766661414913,-9.470948500263649,49.36055219596152,16.374369170623723,-0.7151387631893158,0.5551180336624384,0.1898488844744861,-1.7075946763909025,-4.1654053794842625,0
STABILIZE,29.872697114944458,29.675909351408336,-9.231993890149914,50.362486952245334,15.87637040082899,-1.5194523383113003,-10.0,40.0,0.0,0.979104629313566,-0.7943340317212637,37.55173460385354,-0.7434270530714455,-0.0287518056988776,-1.2401683678278586,0.45912322561145386,-9.470948500263649,49.36055219596152,16.374369170623723,-0.4794639069586992,0.6605298258364201,2.0909639075398445,-1.7075946763909025,-1.9760710570803615,0
STABILIZE,29.909478425979614,27.196005835629762,-9.239954260960642,50.34425025004338,15.986266028665579,-1.4424535675353805,-10.0,40.0,0.0,0.7959711426879511,-0.7712029024059279,37.60136275836285,-0.7899190416212912,0.0015790462961131103,-0.4431994667540276,0.45888011439387033,-9.470948500263649,49.36055219596152,16.374369170623723,0.43269796296954155,2.066783979535103,4.909691214561462,-1.7075946763909025,6.021194670846584,0
STABILIZE,29.939648866653442,33.151574071878535,-9.247895976449744,50.32723001157041,16.098112201406522,-1.3637813082329262,-10.0,40.0,0.0,0.48602228079465,-0.6981446910833857,37.75176010879195,-0.7851224785531384,-0.00329806827726023,-0.3015033953301447,0.45863681586139754,-9.470948500263649,49.36055219596152,16.374369170623723,0.43269796296954155,2.066783979535103,4.909691214561462,-1.7075946763909025,6.021194670846584,0
STABILIZE,29.97407364845276,29.055481278791866,-9.292513250112359,50.30429958270655,16.250667720722078,-1.5349160425002952,-10.0,40.0,0.0,-0.008764119880904838,-0.6773723782700845,38.00814491966671,-0.7787027071214885,-0.07771563425634481,-1.9162643231117849,0.4583093516618317,-9.470948500263649,49.36055219596152,16.374369170623723,-2.151617407798767,1.4468763954937458,7.938756048679352,-1.7075946763909025,-9.3644130407828,0
STABILIZE,30.007007360458374,30.370179427396348,-9.321280697183242,50.26845103115416,16.348472470366815,-1.7127263204165453,-10.0,40.0,0.0,-0.7559693394009781,-0.49568961315200966,38.32509301791199,-0.7483888666809726,-0.04900061760510802,-2.1057648136454405,0.45809217200627506,-9.470948500263649,49.36055219596152,16.374369170623723,-1.0750608518719673,0.555768609046936,4.388593882322311,-1.7075946763909025,-9.705741499270431,0
STABILIZE,30.03963565826416,30.652498647996843,-9.304180476152093,50.257839427242224,16.549936304746353,-1.929789616669664,-10.0,40.0,0.0,-1.7741424906844583,-0.12545200547632826,38.73835702873819,-0.7941868390267205,0.054642300193658,-2.485601366749147,0.45766759903174153,-9.470948500263649,49.36055219596152,16.374369170623723,1.9112227484583855,2.0680660381913185,11.072936654090881,-1.7075946763909025,-12.20747416015873,0
STABILIZE,30.07450032234192,28.688417395110875,-9.286465825399711,50.248787997511705,16.749328581032184,-2.1450507266203602,-10.0,40.0,0.0,-3.0109941267253872,0.232579493863585,38.96237357313627,-0.7977298031652011,0.05836240171180006,-2.522789838275253,0.45724547350160055,-9.470948500263649,49.36055219596152,16.374369170623723,1.9112227484583855,2.0680660381913185,11.072936654090881,-1.7075946763909025,-12.20747416015873,0
STABILIZE,30.108108043670654,29.760556284812147,-9.261277842416776,50.18271100490903,17.07974929344802,-2.2402279292253486,-10.0,40.0,0.0,-3.975529962539316,0.6016070107978371,39.06403752383733,-0.6812754813976748,0.07433213545775547,-1.910839086503188,0.4565616838349728,-9.470948500263649,49.36055219596152,16.374369170623723,2.3690659552812576,-1.671897992491722,19.03967410326004,-1.7075946763909025,-4.6934054693092815,0
STABILIZE,30.141063928604126,30.348644033457788,-9.226439779315244,50.08143458532584,17.405901464910695,-2.2491340419045676,-10.0,40.0,0.0,-4.795538568628952,1.047624553458605,39.097734262107586,-0.6010256798012026,0.09599651105703857,-1.4035514160016804,0.4558864438783637,-9.470948500263649,49.36055219596152,16.374369170623723,2.951432578265667,-4.0121667087078094,19.149062037467957,-1.7075946763909025,0.1827656169057862,0
STABILIZE,30.182113885879517,24.364240487946557,-9.239204534888302,49.81681100188763,17.793041852142697,-2.154415493501777,-10.0,40.0,0.0,-5.290183429642214,1.621104204924095,39.06226508974771,-0.3659144232750512,-0.010856231948806692,-0.8307997204956554,0.455082970376485,-9.470948500263649,49.36055219596152,16.374369170623723,-0.23206265177577734,-14.566181600093842,23.2452854514122,-1.7075946763909025,6.246086760118893,0
STABILIZE,30.212286949157715,33.14895399473639,-9.255102953798817,49.491145955571895,18.23551408369655,-2.131892219723846,-10.0,40.0,0.0,-5.616279712507072,2.0892127137947996,38.8663855096355,-0.055098627289185825,-0.039370471125172155,-1.1287314068538163,0.45417617949008793,-9.470948500263649,49.36055219596152,16.374369170623723,-0.4601909779012203,-17.55552589893341,24.040886759757996,-1.7075946763909025,2.3929386330239844,0
STABILIZE,30.24608874320984,29.592786487363654,-9.27978270673042,49.10575394868627,18.647519318001557,-2.0798103462250705,-10.0,40.0,0.0,-5.623378840375653,2.250167188803208,38.7647318042182,0.0034528344469280416,-0.057443994597095364,-0.9413388072208619,0.4533268235710697,-9.470948500263649,49.36055219596152,16.374369170623723,-1.023242250084877,-22.58238047361374,26.31542682647705,-1.7075946763909025,2.988310641604952,0
STABILIZE,30.28198480606079,27.86172445861565,-9.330014309898733,48.62066041784103,19.080485008796305,-1.938335185951938,-10.0,40.0,0.0,-5.582166332697443,2.0773960596438545,38.552995939947806,0.17706316874134617,-0.11472592999918962,-0.37658038035666785,0.45243343192992636,-9.470948500263649,49.36055219596152,16.374369170623723,-2.7077050879597664,-28.51099967956543,26.50807499885559,-1.7075946763909025,8.592000607924398,0
STABILIZE,30.314027786254883,31.214818894239,-9.38005704366273,48.13825688348666,19.509568304454923,-1.7947759026237153,-10.0,40.0,0.0,-5.509483301531575,1.8029039903925588,38.44534532843923,0.31503999898825047,-0.1346942440048049,-0.18077018284114255,0.4515502610386401,-9.470948500263649,49.36055219596152,16.374369170623723,-2.7077050879597664,-28.51099967956543,26.50807499885559,-1.7075946763909025,8.592000607924398,0
STABILIZE,30.34705376625061,30.288594578200147,-9.196259932910868,48.03981458716949,19.84986638980314,-1.575048850822164,-10.0,40.0,0.0,-5.295384191808355,1.2937851047543933,38.272141976371465,-0.44739172694748264,0.40366100693265394,0.3873720749342501,0.45084347724809765,-3.870228554688698,58.392621255221115,13.771157125480475,-3.1468287110328674,-30.68220615386963,29.982411861419678,0.5112150107469386,6.854238266080366,0
STABILIZE,30.383078575134277,27.7615880012973,-8.999727396728192,47.8670931029791,20.204306108794555,-1.3877517942203592,-10.0,40.0,0.0,-5.115794612866625,0.9361269446217301,38.1699111199693,-0.31813908791515433,0.40853077979856195,0.20712337808001235,0.45010548221068397,-4.051387213297604,58.083305347171745,14.245929943894156,-1.313125155866146,-33.48824679851532,29.10352647304535,0.6995686666609406,4.571620635087016,0
STABILIZE,30.421828031539917,25.813802059292357,-8.796942569046907,47.635336731202386,20.600877226216102,-1.1971304688154523,-10.0,40.0,0.0,-4.769238498342995,0.2341422998426221,38.03937937474118,-0.2120916836818857,0.4200408865928939,0.2980030755313089,0.449281427540067,-4.051387213297604,58.083305347171745,14.245929943894156,-0.5405996926128864,-35.39091348648071,30.05269169807434,0.6995686666609406,4.828434040332203,0
STABILIZE,30.448015451431274,38.192185465439216,-8.643846838111855,47.35581017259537,21.019065840454502,-0.9992441962237602,-10.0,40.0,0.0,-4.609398838273179,-0.23020317500180237,37.92235774369136,0.06937375972754456,0.4409795872413764,0.8451545051834037,0.44842201781129265,-4.241700849833773,57.63147925598214,14.609105296632972,-2.8164049610495567,-39.35828506946564,34.06906723976135,0.7597224793122737,5.63382177272978,0
STABILIZE,30.48113226890564,30.20570654913653,-8.523588680561925,47.075285679175195,21.421366071768908,-0.7981402959916875,-10.0,40.0,0.0,-4.194610841488414,-0.6789263530279681,37.8725349287907,-0.025297923858103262,0.3165386353355755,0.7364767865762832,0.44758906086599026,-4.828629111292172,56.7066869817256,15.540774795803458,-2.8164049610495567,-39.35828506946564,34.06906723976135,1.0981160184840306,5.63382177272978,0
STABILIZE,30.514745712280273,29.7542226793885,-8.175528108076918,46.89137375401311,21.90211456620466,-0.4464904769539383,-10.0,40.0,0.0,-3.882450705851321,-1.0208006930406723,37.88385596734,-0.2057968385780182,0.8180941214895535,1.8200238386974827,0.4465980536217807,-1.0837950358922148,61.63926577920908,15.800061909475646,2.1239783614873886,-43.22391748428345,34.22292470932007,6.1125234210827655,0.4495254851298042,0
STABILIZE,30.547979593276978,30.09560437983439,-7.914560805707307,46.600147501305464,22.533062158458662,-0.12144645098281598,-10.0,40.0,0.0,-3.2679095579213016,-1.3044800070558698,37.935796140883355,0.02535525016446691,0.6660397795621666,1.8822786697431377,0.4453061893803642,-1.6649964057034237,60.556076226987685,17.030676812434272,-1.4910776168107986,-46.24650180339813,40.2712881565094,6.19904275556979,-0.7547956674416466,0
STABILIZE,30.58181095123291,29.564626521650254,-7.618732753023325,46.2034755176471,23.20395241904651,0.20894624195355538,-10.0,40.0,0.0,-2.3334867454974892,-1.4819323771176207,38.01543956170029,0.24488334173118845,0.7573940864875363,2.081837311110004,0.4439330608987195,-2.2521866618303528,59.31891239655032,18.214825374492555,3.089151158928871,-49.53221380710602,40.44868350028992,6.324681427772726,0.07308814676101394,0
STABILIZE,30.617138147354126,28.313491474165982,-7.489388064618105,45.61882625776583,23.906474110842964,0.5136370839442309,-10.0,40.0,0.0,-1.4270391072535804,-1.5002126313792195,38.11535498397382,0.599525644692149,0.4166553083926663,2.032460432304121,0.442494222115743,-3.738077042155811,55.99584773502686,21.322150498058406,-3.3524464815855026,-51.84913873672485,34.078776836395264,6.554520625709205,-1.4571474348886428,0
STABILIZE,30.65499782562256,26.416486118808887,-7.27141519683982,44.96883231198309,24.77830702494153,0.8676159063648115,-10.0,40.0,0.0,-0.7805092485934818,-1.4864729588117984,38.20814310384844,0.6838329974815368,0.5882551859391061,2.390768431286521,0.4407130373006572,-4.6385497187218,53.81485710079846,23.013155653802716,5.358847230672836,-48.304152488708496,39.18014168739319,6.612353118491703,1.9129993827371712,0
STABILIZE,30.684335947036743,34.09670601242155,-7.03551994285585,44.24634770048398,25.780303713930287,1.0562934400533686,-10.0,40.0,0.0,-0.32624606677892176,-1.2489245290074555,38.32762360299948,1.232583063990161,0.7872083929121645,1.9324786828011293,0.43867908070214134,-4.921329349628911,53.045752693363376,23.6290495900558,7.2394490242004395,-48.04824888706207,43.63308250904083,6.574125744668787,-7.731132102672453,0
STABILIZE,30.720028400421143,28.021806520577233,-6.833584023810725,43.627741909623005,26.64256054024209,1.2066718194776684,-10.0,40.0,0.0,0.8995049643960027,-0.8286539713924324,38.523134352896506,0.8126036959808709,0.6354294711373376,1.5833060096951415,0.43691726737329145,-5.250262311678869,51.36650601217721,25.014338196583186,7.2394490242004395,-48.04824888706207,43.63308250904083,6.498267500077533,-7.731132102672453,0
STABILIZE,30.751262187957764,32.024677218620916,-6.6654953907859005,42.84205552991413,27.651274601141203,1.3259335611772813,-10.0,40.0,0.0,2.0692781663718827,-0.4451038447767201,38.7027102714599,1.3241436651062597,0.6295309817690203,1.544028322480735,0.434864591376093,-5.525468766598596,50.573237830277606,25.6960164373956,5.278702825307846,-49.82198178768158,44.55808103084564,6.435076667394176,-9.49451277654591,0
STABILIZE,30.78880214691162,26.643358064843987,-6.574363983932099,42.08594871041948,28.697112183874427,1.5337172407366166,-10.0,40.0,0.0,3.0836716083625544,-0.09189443898051598,38.881883208862256,1.0787344387963909,0.4352439678361274,2.0173568411725733,0.4327294368737949,-6.053885505119423,49.64057951748583,26.221683288380717,2.408231422305107,-50.35794973373413,51.28364562988281,6.462146376861821,-3.13636481026191,0
STABILIZE,30.819255352020264,32.84420882829691,-6.4525848096077665,41.186078542911886,29.78697808104163,1.7108096234978927,-10.0,40.0,0.0,4.267634955225959,0.2687999069908833,39.12594294337974,1.7637431909041743,0.5816259569673334,2.189331427215949,0.43051341447178104,-6.441659986479223,47.239524190505065,28.07953832767945,4.844918102025986,-45.6307590007782,41.85894727706909,6.1356669707168905,-4.0384722901751,0
STABILIZE,30.852015495300293,30.531118519704755,-6.418474425580529,40.485802600661536,30.71881985042974,1.8277626474151163,-10.0,40.0,0.0,5.376980192954266,0.5198793684278445,39.40587824651271,1.2905520792605851,0.36620531906399445,1.8104923433230944,0.4286094677337347,-6.6507739905108565,46.479238629938585,28.82388185107744,1.0890929028391838,-42.872610688209534,43.01312267780304,6.066776042932356,-6.244104297712297,0
STABILIZE,30.886268854141235,29.20072126262732,-6.4707696304289355,39.65580601482465,31.82367407902605,1.7893368101251361,-10.0,40.0,0.0,6.398452058802599,0.8008910133244759,39.74480930860167,1.5471472613254287,0.18872421109325763,0.8488767459624009,0.4263562269780833,-7.747623067810992,42.66041811511755,32.44923618556575,-1.765768602490425,-38.56059014797211,42.07161366939545,5.593966674879048,-14.032229206366628,0
STABILIZE,30.919444799423218,30.150771685919878,-6.526896796320165,38.865996085597764,33.04572644792662,1.8032007873753901,-10.0,40.0,0.0,7.1868898230011435,0.935750537165439,40.2251696827395,1.5894124832589076,0.1730987418892933,1.1661826285270582,0.4238686251145605,-7.689310460883635,41.19088304608902,34.229243735071464,-2.1718889474868774,-32.700932025909424,45.84004878997803,5.393946260874124,-9.804209775213566,0
STABILIZE,30.952738523483276,30.041714416685767,-6.667425931709858,38.152335593348546,34.239531428923634,1.8069731092490755,-10.0,40.0,0.0,7.347410367553844,0.8534572697548047,40.502212400758964,1.4688586038484697,-0.0165223237584037,1.106629500447392,0.4214349794635993,-8.033532382977441,40.37707791661627,34.85854091787856,-6.6322579979896545,-28.17540168762207,45.4411655664444,5.24917980273818,-9.602161680507189,0
STABILIZE,30.988762855529785,27.763425628669584,-6.909523885791098,37.50197996663708,35.438456868008586,1.8065060547199845,-10.0,40.0,0.0,7.456673757480185,0.8660974953092654,40.99809779488023,1.3194091775250092,-0.22160075017754657,1.0813063922889552,0.4189861461938952,-8.337359356038895,40.1339498762671,35.65791463561989,-12.496143579483032,-24.52288120985031,44.77004110813141,5.170857522359047,-9.271437090706002,0
STABILIZE,31.02006983757019,31.95124626729234,-7.193954616853731,36.803240437770214,36.699302536109116,1.780724664727316,-10.0,40.0,0.0,7.387360144009248,0.7368237321880505,41.30713311897205,1.6559198236696988,-0.40343656604203204,0.90339486908645,0.41641859157927047,-9.317139323037683,38.39592189710279,37.808859224295745,-12.496143579483032,-24.52288120985031,44.77004110813141,4.775750596390676,-9.271437090706002,0
STABILIZE,31.054641246795654,28.929227161430493,-7.522803008517209,36.24020483684165,37.896966422488376,1.740203390263525,-10.0,40.0,0.0,7.471398791557085,0.7235889600106815,41.59281602629158,1.301578065601255,-0.4715372278966389,0.8103928087213794,0.4139707026986785,-9.665883141426896,37.8657453068839,38.503763517722206,-14.715972542762756,-20.200781524181366,46.92836403846741,4.620439964266554,-9.763479649645488,0
STABILIZE,31.087257623672485,30.665496870796048,-7.862701064482668,35.6773133453483,39.20359037086133,1.6783283617991926,-10.0,40.0,0.0,7.866057367084177,0.6695741698677811,41.96008895834151,1.4141806334627804,-0.5669126390569766,0.6270084678821612,0.41130638540470527,-9.665883141426896,37.8657453068839,38.503763517722206,-15.354762971401215,-15.93322604894638,48.80458414554596,4.620439964266554,-10.574791717374405,0
STABILIZE,31.121533155441284,29.180811910808085,-8.274057907608599,35.20416197017711,40.441495271930116,1.6494339323250744,-10.0,40.0,0.0,8.47730636383425,0.5006123119137377,42.330862362341065,1.2269342877824192,-0.7189595496757744,0.8211813287401128,0.4087750893415929,-10.38332611792692,36.83879416744302,40.001054635424076,-18.588118255138397,-13.605846464633942,48.10275733470917,4.414563161635629,-8.02232270378396,0
STABILIZE,31.15418815612793,30.630784847843074,-8.816909242731674,34.75819452394984,41.72615429539118,1.5247278567847224,-10.0,40.0,0.0,8.863027636832381,0.4706165223174218,42.58078922935559,1.2654818453584118,-1.1007493163191069,0.14642891112797995,0.40615159688436786,-10.98401003020927,36.175735924686826,41.548609417125874,-25.490492582321167,-8.732859045267105,45.30353248119354,4.149237153907305,-12.780747305123532,0
STABILIZE,31.187507390975952,30.0178490914426,-9.476627278789417,34.42785550091429,43.003832147462276,1.49564959983321,-10.0,40.0,0.0,9.001603637355478,0.3665957561463159,42.80397590576951,1.0441067584134718,-1.3730835734542295,0.7239546337022119,0.4035385607548817,-12.539526042717178,34.95564102096613,43.34311772585919,-29.72889244556427,-2.6573484763503075,46.79751396179199,3.5463242357190135,-5.402899907080819,0
STABILIZE,31.22127652168274,29.617862640699364,-10.140649007104235,34.227902652054944,44.39049430113393,1.4396070094921323,-10.0,40.0,0.0,8.7564954688004,0.27667796990953764,43.05840728254165,0.8040838091581208,-1.4394536644463238,0.5317731024398471,0.40070528885827444,-13.481685262892599,34.508498508417645,45.63106279961386,-27.521580457687378,6.511764973402023,48.38010370731354,3.0745709475601277,-5.636129949782421,0
STABILIZE,31.253936767578125,30.622733943212598,-10.862893422016434,34.12524752774423,45.81741318915584,1.4053521524139376,-10.0,40.0,0.0,7.908962907902905,0.08965822570810454,43.32051237684631,0.6357446284339635,-1.6771644579059906,0.6338773791120009,0.39779147154339833,-14.31608636819976,34.17588125085952,48.29892401809874,-29.68391180038452,11.990980058908463,45.389389991760254,2.6767173931872996,-3.136685829152901,0
STABILIZE,31.28935146331787,28.240858072031187,-11.685386264145945,34.15110244153668,47.16578360130098,1.328694736384777,-10.0,40.0,0.0,6.525136699980703,-0.13418408216507222,43.52220103284761,0.3840231936449143,-1.8401222491176248,0.3639625528314892,0.3950279688716172,-15.21954845150742,34.61303127492794,49.47204470203992,-34.76223349571228,16.55432879924774,42.293551564216614,2.367703418410385,-5.1240284059110754,0
STABILIZE,31.326170206069946,27.16518134715026,-12.611264417125684,34.25154032124543,48.56676956205423,1.2620018785747578,-10.0,40.0,0.0,5.9651188177607795,-0.184132508513435,43.6145417753316,0.2492845124992785,-2.06269527816725,0.3944146769542147,0.39215457076194976,-16.128106748853796,34.76119088047104,51.11126573761814,-39.07364308834076,20.631782710552216,40.58337211608887,2.24364667288076,-3.9563460955948657,0
STABILIZE,31.358164072036743,31.261582493590126,-13.511867549410443,34.45922708940291,50.0456721896138,1.108162895224455,-10.0,40.0,0.0,3.2797219432040152,-0.5074137395840423,43.93307447746432,-0.009814655485655688,-2.3538500396733175,-0.2951776455907582,0.3891326124166108,-16.302796218204147,35.19558803044804,52.07002602231051,-36.83731257915497,25.31982958316803,43.43370795249939,2.0192455655197987,-8.530855046927151,0
STABILIZE,31.392127752304077,29.447971298383077,-14.420714473204296,34.8025313632383,51.443281425242176,1.075968634355586,-10.0,40.0,0.0,1.7035738299535328,-0.6061103999775497,44.159560135247354,-0.27301710452074696,-2.347549505081286,0.45591012146520404,0.3862675391797575,-17.54553159847754,36.159224381282826,54.51188161022584,-37.81607747077942,26.99478566646576,44.11182701587677,1.6913230366274696,-1.145204157757698,0
STABILIZE,31.427101612091064,28.599802256997716,-15.307053524757563,35.27664063337789,52.90979821168032,1.0507485056008,-10.0,40.0,0.0,0.8151213922950802,-0.4298794598384674,44.373720716673105,-0.5353893985690136,-2.335743727410872,0.4859278489998564,0.38326064010222904,-17.426686462348066,39.123506656846615,57.14164354311049,-36.47052049636841,27.13547945022583,40.35981893539429,1.8315284769500053,-1.0244327528535324,0
STABILIZE,31.459898948669434,30.49626640491511,-16.143934615406824,35.75048380879757,54.375684709021165,0.9926703110285984,-10.0,40.0,0.0,-0.055645737931079,-0.2679746547205018,44.546995785727155,-0.6388779727090504,-2.442607789946294,0.23713846920153242,0.38025838763767417,-17.426686462348066,39.123506656846615,57.14164354311049,-34.59379971027374,26.402178406715393,43.435221910476685,1.8315284769500053,-3.161527227164237,0
STABILIZE,31.49337863922119,29.874811248183708,-16.92658040661766,36.27083247347226,55.7516058663217,0.9238094136012425,-10.0,40.0,0.0,-0.5720342126823859,-0.1667183542551057,44.65436294438517,-0.7301207621881526,-2.3224153647194585,0.1479412014952297,0.37743096204598936,-17.684089427677296,39.92787444334698,57.89371520669071,-33.33081007003784,26.123878359794617,44.02369260787964,1.8052969837486224,-4.257866504052371,0
STABILIZE,31.528297185897827,28.64394348114103,-17.87480783342646,36.767412044283546,57.222543194356675,0.8624519432666904,-10.0,40.0,0.0,-0.8880903842715892,0.10560424948063812,44.78984316166696,-0.6909730034541366,-2.6917243320950504,0.16591196312120549,0.37440919119108484,-22.087832892668352,39.78667918482034,59.218946605944566,-31.7846417427063,25.218406319618225,46.41946852207184,0.7048443264947255,-0.5481995205216859,0
STABILIZE,31.565345525741577,26.99558473321748,-18.9109140177079,37.23829783096938,58.64192245834757,0.7312122425670127,-10.0,40.0,0.0,-1.2638445436408194,0.2942743514804888,44.88092373424908,-0.631822386033152,-2.838618354271544,-0.2696596536663673,0.37148351804315094,-22.564053075965624,40.36164613357329,59.9391320691508,-36.9922935962677,21.827206015586853,41.69170260429382,0.5982498832488713,-4.600907632474384,0
STABILIZE,31.604329824447632,25.655903060257028,-20.013680089375857,37.7074884499066,60.17927267853515,0.6590700079912596,-10.0,40.0,0.0,-1.717507842747182,0.3247224543463329,44.9271572847409,-0.6244748708372553,-2.957620512474176,0.025769162731264117,0.36831486496764165,-22.92911226718811,40.93900565379359,60.76630912157583,-39.02372419834137,19.810277223587036,45.81367075443268,0.5435791138682999,-0.8090751807757379,0
STABILIZE,31.6505606174469,21.633170520365375,-20.88419558966208,38.31007624584745,61.65481120096144,0.6683643920692647,-10.0,40.0,0.0,-1.9404240863586535,0.33572346118041696,45.00674947913905,-0.7419652093074162,-2.378381276737039,0.44123722030476287,0.3652498021135602,-23.907338636926653,42.41461281785115,61.839606245977194,-28.12105119228363,24.213334918022156,52.19924449920654,0.42159470390813825,3.5061273462643054,0
STABILIZE,31.66631531715393,63.51349223174536,-21.947758610455896,38.994038998216915,63.550542114325374,0.5936179527121663,-10.0,40.0,0.0,-2.1611094194324694,0.21063569688592076,44.98218128869452,-2.776934429182104,-4.028986395531836,-0.6004960666786263,0.3614186175616197,-27.192048013123024,45.99737915156328,64.86979190843141,-41.2921279668808,17.475900053977966,46.75406813621521,0.2535756834053306,0.31024725578266604,0
STABILIZE,31.698639392852783,30.94445305179906,-22.69800838639658,39.56857285264853,64.25493979503678,0.5331237841517686,-10.0,40.0,0.0,-2.3596954620032977,0.0857506771519829,45.003556365702075,-1.1424553464359097,-2.8460431994209663,-0.05344611495099855,0.3599265254007639,-27.76839309655068,46.55671569262627,65.54818902226407,-40.54858684539795,16.30677580833435,44.6160227060318,0.24155958493325408,-2.9791812400055835,0
STABILIZE,31.733203411102295,28.937011024795442,-23.875946478828258,40.224624364721315,65.66805300755743,0.5234424739261532,-10.0,40.0,0.0,-2.3797988431647608,0.08057327369919423,44.99025798738806,-1.285834616288903,-3.7584406179445167,0.25711167395056983,0.35701099814916776,-29.609683963981567,48.09353329996617,67.52568535372562,-39.22617435455322,14.42950814962387,43.993079662323,0.18401371876323128,2.3243522212562437,0
STABILIZE,31.766806602478027,29.765625110885594,-25.03546474466556,40.8463334097554,67.16459876483249,0.42861780974950786,-10.0,40.0,0.0,-2.537533310866331,-0.15263519787762697,44.953607192301774,-1.2674490865012455,-3.8125289882585167,-0.29824308242467634,0.35392617163075235,-29.319802298515917,48.14795812166487,68.46082913637755,-38.909223675727844,12.61141449213028,46.84496819972992,0.11980579577994416,-2.791856898715637,0
STABILIZE,31.799976587295532,30.15358955556514,-26.174703936726644,41.444395415712414,68.56872182353355,0.38968368397197933,-10.0,40.0,0.0,-2.4706631975709676,-0.33971461285280513,44.960778890930285,-1.3036688416184556,-3.944329162637061,-0.0011797303089555178,0.35102703947007474,-30.11330740122551,48.60961274261124,69.04723026632965,-38.46977353096008,10.946125537157059,42.98091530799866,0.11631722278443271,0.4434239384060143,0
STABILIZE,31.845980882644653,21.742283966616558,-27.319132770921808,42.03492360180107,69.87022834294193,0.3867019593083885,-10.0,40.0,0.0,-2.480165698253748,-0.5933905600305761,44.91323394411783,-1.0146638505334145,-3.3836064289642587,0.21903615831488515,0.34829567309678544,-31.399613363809987,49.874969656441095,71.40180269993432,-38.32091689109802,8.211970329284668,35.951167345047,0.08862013750154107,2.37846033953085,0
STABILIZE,31.87234330177307,38.04875039687939,-28.80058643335513,42.72387408842981,71.69103189753906,0.3683894645502047,-10.0,40.0,0.0,-2.354217436845536,-1.0340663077910124,44.88716311205589,-1.9545172535935267,-4.012649636235329,0.07980065060745922,0.34457970141928684,-32.37005507978952,50.98350735271936,72.87414377292868,-38.98922502994537,6.894855201244354,36.792388558387756,0.1940142393341573,2.0500667652273408,0
STABILIZE,31.905847549438477,29.78739844327027,-29.779344273171212,43.23302899949053,72.69369580152829,0.36724633310531063,-10.0,40.0,0.0,-2.180853788775684,-2.107563297660508,44.84478520335055,-1.2372114371430232,-3.871350305748421,0.21364458670482764,0.3424751991437172,-33.321892077412144,51.640653970646255,74.34506404069629,-39.222732186317444,3.784973919391632,35.64180135726929,0.20569956688589525,1.0571126467111047,0
STABILIZE,31.938557624816895,30.57563166105352,-30.98751085444155,43.797533326488775,73.98952906458206,0.3158514055602236,-10.0,40.0,0.0,-2.029421664687331,-2.8582745119784874,44.828379088964176,-1.4334922030055322,-4.00796319582792,-0.12465425082199139,0.3397866997980233,-35.06482587340989,52.47496871371969,75.42971552502514,-38.78573179244995,2.852446213364601,34.759390354156494,0.23467132360736503,-1.5126939483137716,0
STABILIZE,31.97295308113098,29.078646699944535,-32.28019782222429,44.42481777362713,75.31452656592859,0.3460415597417245,-10.0,40.0,0.0,-1.9982126093788388,-3.547357996632499,44.78186891581097,-1.5430506908925479,-4.009392421379329,0.38325505914036806,0.3370331345363578,-38.05477915126055,55.03137747298436,78.79530822774154,-39.84687030315399,1.511000283062458,33.55768322944641,0.806539509797378,1.5697029759949293,0
STABILIZE,32.006667613983154,29.668142657065655,-33.32111559428175,45.09033225900086,76.81220432161177,0.391732646919155,-10.0,40.0,0.0,-1.7726663160500893,-4.042235724407776,44.74194304501766,-1.6907934621437903,-4.011653668040355,0.5068938600629831,0.3339344991876205,-36.26540171172849,55.153127703373045,81.89123805175187,-29.229047894477844,4.744481667876244,36.771148443222046,0.7768295916546132,2.586043662229289,0
STABILIZE,32.0412871837616,28.889773596082186,-34.42939440825319,45.755931361793905,78.26511776806878,0.43338259594812323,-10.0,40.0,0.0,-1.5320914721131962,-4.161942473575066,44.71961515662089,-1.7033339838711508,-4.012998613793657,0.5011460945791464,0.3309205175175617,-39.28471073709034,55.82318474475908,82.62913139312286,-29.229047894477844,4.744481667876244,36.771148443222046,0.6520501935332417,2.586043662229289,0
STABILIZE,32.08705234527588,21.953155341076222,-35.43561220681318,46.395302720843205,79.7099658378216,0.42122698925809743,-10.0,40.0,0.0,-1.2991137195240612,-3.8374303677108283,44.601387997182556,-1.496250214649718,-4.011108427611368,0.19445941969557504,0.3278978115451727,-39.28471073709034,55.82318474475908,82.62913139312286,-25.749632716178894,4.8156194388866425,40.90985655784607,0.6520501935332417,-0.7032252846088174,0
STABILIZE,32.10697388648987,50.18550780128267,-36.61295562230688,47.05218123035753,81.37108613600654,0.4469573596776056,-10.0,40.0,0.0,-1.2996029318233633,-3.5217704004543386,44.49603915942428,-2.3407635389232992,-4.018382090595101,0.4842973667868872,0.32449807031582634,-39.28471073709034,55.82318474475908,82.62913139312286,-24.69547688961029,3.0972449108958244,39.47751522064209,0.6520501935332417,1.7393164233236211,0
STABILIZE,32.14198327064514,28.569801578922274,-37.3487698547579,47.57404219915466,82.34576687766443,0.4834750036960777,-10.0,40.0,0.0,-1.341030803903841,-2.9529108383538336,44.33815250657026,-1.5838638685887292,-4.013507737586561,0.5052860256003013,0.3224369222488224,-41.695939173449204,56.50478373788559,83.61408047005628,-25.3060519695282,3.9139118045568466,41.29912257194519,0.6468054686901121,1.8253953764425876,0
STABILIZE,32.17527174949646,30.048601558917927,-38.264057558627314,48.189689786597334,83.82798052342089,0.5804844363585712,-10.0,40.0,0.0,-1.3280843937754934,-2.181316107205129,44.120173849398476,-1.7847839632405085,-4.018288213779586,0.9111172664947155,0.31935690547004353,-42.81206436331168,56.86478570588214,84.83636128735252,-17.351268231868744,4.804752394556999,47.43702411651611,0.725773063119801,5.5445742521661625,0
STABILIZE,32.21349334716797,26.165503215865353,-39.21579748152339,48.77861639699866,85.31784354017242,0.738677866507015,-10.0,40.0,0.0,-1.2467598926490904,-1.3052045407164201,43.93905430808266,-1.6552579270304193,-4.021673813927385,1.268064329468339,0.3162462795365723,-44.52145752423327,57.33022939082244,86.60650466996131,-18.711552023887634,3.705570101737976,47.808992862701416,0.8201478564690319,8.937048958188749,0
STABILIZE,32.24604415893555,30.72795205790561,-40.30068372985893,49.419320350242124,87.03854476977995,0.9268852338848586,-10.0,40.0,0.0,-1.3104307026485376,-0.7363199523759092,43.72933334961742,-1.9731888023921431,-4.032446913635093,1.7139046362020829,0.3126916853663365,-44.592586207111275,58.7263063889296,89.29741571361484,-20.408396422863007,1.540897972881794,45.74469327926636,1.148593060490839,9.528655184659511,0
STABILIZE,32.28386330604553,26.445967502947685,-41.14837300020862,49.92737276987827,88.35138295897421,1.14854854569686,-10.0,40.0,0.0,-1.2005295438084476,-0.18643977843157705,43.550590714132774,-1.5881438295355217,-4.032643937844697,1.861187162043608,0.30993233465052583,-45.34938531181223,58.01582205897891,87.72680426116257,-18.280428647994995,0.6775825284421444,45.78081667423248,0.9722876675593924,12.348482561799997,0
STABILIZE,32.311102867126465,36.72159623180031,-42.13897523781339,50.470037777435614,89.87134010985564,1.3526108528160696,-10.0,40.0,0.0,-1.1739274510951287,0.5717493190888023,43.200157613481515,-2.0385126503185527,-4.049248043972003,2.312288645559504,0.3067946575312883,-46.031602792495924,58.45747008151797,89.8348218451054,-18.814672529697418,-0.029912727768532932,41.70900285243988,1.2373540634346658,10.015157606408472,0
STABILIZE,32.344409704208374,30.028164577352356,-42.868615366102865,50.94823974925852,90.97410964075203,1.5574925343943613,-10.0,40.0,0.0,-1.0824641744760763,0.9410223759876309,42.93378023585102,-1.696018897013332,-4.047593199828648,2.164182576152025,0.3044678588141731,-47.41629100792983,59.62007376757648,91.51573130063079,-18.814672529697418,-0.029912727768532932,41.70900285243988,1.7943365565911256,10.015157606408472,0
STABILIZE,32.38255977630615,26.217513329707902,-43.79168012665755,51.40813002527395,92.33017228637783,1.6718766028509928,-10.0,40.0,0.0,-1.0655161272677476,1.111707202520663,42.667631669557714,-1.5728265096488012,-4.047611236937221,1.602228803698512,0.301614707975957,-47.6688850497431,59.07361551895981,93.05042680738077,-22.348694503307343,-1.4636007137596607,41.215795278549194,1.8290587771366222,3.8351768321715474,0
STABILIZE,32.412275314331055,33.65890925432543,-44.73422583407018,51.83795212014046,93.64231984332919,1.8751864806372398,-10.0,40.0,0.0,-1.145446842916645,1.056775085955718,42.45712865443251,-1.7556513158782066,-4.059623017209737,2.504353051043264,0.2988799845533966,-48.383119633762504,59.189256830396346,93.49178859574319,-23.218141496181488,-2.5765832513570786,39.16827142238617,1.921878336086195,9.096307625292289,0
STABILIZE,32.44538164138794,30.21158098695536,-45.54459511049717,52.22621336175682,94.72632246702821,2.0775388263846413,-10.0,40.0,0.0,-1.0490636956610677,0.6757629082251944,42.27073620707744,-1.5794937216910605,-4.059928387438927,2.459406646090458,0.29658554938311354,-48.92180414205993,60.14450320152637,94.62950200741943,-23.511314392089844,-4.136557504534721,36.87295317649841,2.3173391693058614,9.043692970568388,0
STABILIZE,32.47962236404419,29.21027926735845,-46.50458078016191,52.60398166763612,95.99675936568784,2.228922553634802,-10.0,40.0,0.0,-0.9914049462351127,0.18276294886314165,42.160479878400515,-1.5607415619171818,-4.063775320397972,2.2247368323084196,0.2939136625524444,-50.090376435668034,59.87282447257205,95.74729075204806,-26.208847761154175,-4.617037996649742,38.98351788520813,2.486584704448367,5.002821149560499,0
STABILIZE,32.51270055770874,30.240551413863212,-47.39169221802816,52.96656773097489,97.2370259715384,2.426595947578381,-10.0,40.0,0.0,-1.0161767616942796,-1.0039861546862763,41.96196726036326,-1.5660237268863124,-4.069954141863424,2.649503007521958,0.2913042952146976,-50.090376435668034,59.87282447257205,95.74729075204806,-23.589852452278137,-4.273533448576927,40.13872146606445,2.486584704448367,8.071609348834773,0
STABILIZE,32.54695248603821,29.199298265155523,-48.34447656320254,53.270517927274135,98.23937740340806,2.6264933962230472,-10.0,40.0,0.0,-0.8660818072185155,-2.3632582594291054,41.93607742831433,-1.440388915953062,-4.070281566691738,2.743220323762535,0.2891650090058884,-51.240977227452106,60.21850492503292,96.59762896234677,-28.390386700630188,-7.386813312768936,28.14699113368988,2.7479922012357076,7.9416393866658925,0
STABILIZE,32.588536500930786,24.051425261914456,-49.45278439030115,53.58367913137215,99.17851255284725,2.7487189648156622,-10.0,40.0,0.0,-0.7055393847161294,-3.700876530068879,41.89551976502279,-1.3686404116938349,-4.070317307521248,2.237488289587099,0.2871218835239293,-54.92592680316988,61.22116175159793,98.21617806969098,-30.12787103652954,-8.523575216531754,22.364646196365356,3.282730773510023,1.9084094956149227,0
STABILIZE,32.62169933319092,30.159443737371557,-50.76200603663414,53.8929222609876,100.38826077997456,2.889365346285808,-10.0,40.0,0.0,0.1997168124044356,-6.021836708628565,41.97641652555242,-1.4969887542309448,-4.0806471633907355,2.5800470900086188,0.2845689392386938,-55.20804880649395,60.46800543213236,98.81228657346986,-30.12787103652954,-8.523575216531754,22.364646196365356,3.1986878444862326,1.9084094956149227,0
STABILIZE,32.655272483825684,29.7922648009376,-51.92795359353926,54.13479950963164,101.15707589038831,2.854612461572536,-10.0,40.0,0.0,0.945098824983365,-7.49707432642081,42.03701396386878,-1.382206676479138,-4.073891552289606,1.5054392782628743,0.2828956593486473,-58.52132075713375,60.61327424726591,98.41995037333366,-29.559478163719177,-8.66946056485176,19.827111065387726,3.3086089612253344,-6.563721292375751,0
STABILIZE,32.68896269798279,29.688932932224386,-52.98624831898403,54.37824118161113,101.99551050966791,2.8538638030801504,-10.0,40.0,0.0,1.81139327520065,-9.010405189874685,42.16513806741446,-1.400991569255042,-4.074807274918982,1.7078791604416872,0.2810811776446698,-59.25292237166263,60.89505424486589,99.78440709003084,-22.831963002681732,-8.37727040052414,22.824406623840332,3.4475851201768277,-4.546918402180019,0
STABILIZE,32.72289204597473,29.47590937201327,-53.92716091489789,54.684288992164845,102.91607721283685,2.8277602352551785,-10.0,40.0,0.0,2.266831356274158,-10.05298575535294,42.368107383885146,-1.5433046791129037,-4.081106270191666,1.5427481475596423,0.27910040357437,-60.628696676193854,60.46504753408347,101.64146103465657,-14.407511055469513,-2.124837599694729,25.36550462245941,3.3954054770453164,-5.6038782234084445,0
STABILIZE,32.7602915763855,26.743247723736896,-54.76757393165915,55.118360106936166,103.99029338802981,2.7970094032793145,-10.0,40.0,0.0,2.4198021939164676,-10.75625959833789,42.69223742604269,-1.7782398628145428,-4.091648341101504,1.5067568724723914,0.27680275869601967,-59.82147997752148,62.695091401796574,106.19089850301143,-13.392728567123413,0.6410265807062387,25.640755891799927,3.920445522312359,-6.9943408138829595,0
STABILIZE,32.79045844078064,33.15524287577566,-55.473668488845256,55.67186329612145,105.00967671481989,2.753795582798131,-10.0,40.0,0.0,1.8264254543467904,-10.82506607026295,42.98112710717754,-2.1708253894870486,-4.109040876834009,1.3797099038917717,0.27463080315613686,-61.00935349932477,63.05828181199243,106.15826294654661,-4.795031249523163,8.398999273777008,26.14697515964508,3.9898697130406537,-7.611887245047785,0
STABILIZE,32.82438659667969,29.480467267385468,-56.043834872975175,56.21838737748503,105.91631209035437,2.6789091225793,-10.0,40.0,0.0,1.2927968617588572,-10.55710238119772,43.3102875836588,-2.1304445319428837,-4.104059448283899,1.1657272017382287,0.2726738481746237,-62.48582583401085,61.28870283466294,104.81157561525318,1.797276921570301,14.770235121250153,29.951393604278564,3.404009672429658,-7.454056941254423,0
STABILIZE,32.86057806015015,27.635376516244655,-56.17408239521098,56.93273311959195,107.33609671973596,2.5798946568642225,-10.0,40.0,0.0,0.6529498629539402,-9.90165096146026,43.70634293287116,-2.426240578466083,-4.11338022742419,1.000986307671747,0.26967883045707675,-55.44246934984034,63.440994694410904,116.27101105786105,11.479219794273376,19.648857414722443,27.970093488693237,2.965799730326741,-7.61079953742246,0
STABILIZE,32.890655755996704,33.256454170631145,-56.25476918632912,57.716212675363316,108.82405502110329,2.5027590373476745,-10.0,40.0,0.0,-0.10004434209411552,-8.842327041005365,44.18706189194041,-2.919251454578497,-4.131417277004471,0.983260553828673,0.2665733722803624,-55.44246934984034,63.440994694410904,116.27101105786105,17.536428570747375,23.60985577106476,30.760300159454346,2.965799730326741,-6.1675976412716915,0
STABILIZE,32.924033403396606,29.965521429438954,-56.164691840861785,58.38061035191495,110.0786204008487,2.4164676499935935,-10.0,40.0,0.0,-0.7191779918281755,-7.596106946744117,44.64445233989949,-2.54691299145848,-4.1110407502788355,0.9375152545326108,0.2639159280232175,-55.537144956547785,62.95180200093337,117.47040152758356,18.032729625701904,22.035354375839233,30.21043837070465,2.676255418736501,-5.782002726773206,0
STABILIZE,32.96179747581482,26.48604752492754,-56.08399024233912,59.030284254154815,111.42502011955446,2.2240388064524135,-10.0,40.0,0.0,-1.1781865009294548,-6.2965430750650695,45.10535008999736,-2.4479359557415488,-4.098084173943456,0.3136757586657497,0.26105508399312305,-56.997545984202716,61.89048951621478,117.64885935269294,25.003421306610107,23.15412163734436,30.68547546863556,2.164593820963079,-10.743202837965763,0
STABILIZE,32.9911425113678,34.082852545871184,-56.045659674095056,59.65143817251377,112.77359996297797,2.0614056962953384,-10.0,40.0,0.0,-1.3649138409972599,-5.318335334966891,45.422475773161054,-2.761241585600554,-4.101977987096737,0.12919743105295556,0.2582254580018762,-57.7993644613463,61.93247538560986,117.00486447466162,22.807347774505615,21.925877034664154,28.345203399658203,2.041538378322843,-8.293003954365211,0
STABILIZE,33.02476978302002,29.743883586026918,-55.89035459940018,60.17276697032338,113.76386790666275,1.901150939362099,-10.0,40.0,0.0,-1.5797429271880248,-3.81116700969166,45.927998564201204,-2.4487438366319725,-3.992840933984269,0.18710706579975356,0.2560919731505962,-57.7993644613463,61.93247538560986,117.00486447466162,25.230440497398376,19.814100861549377,26.957756280899048,2.041538378322843,-8.836134620749101,0
STABILIZE,33.05987215042114,28.50030237757106,-55.89233227532326,60.81817291021966,114.75499703217146,1.645910233794427,-10.0,40.0,0.0,-1.4954460131121967,-2.696917055809048,46.341532367499624,-2.717528683590648,-4.079737709099706,-0.4884939434489004,0.25395096502966474,-62.10262634929528,63.67627388756175,114.7956688029845,29.297509789466858,21.051301062107086,27.861934900283813,1.916463888867352,-14.011607157715067,0
STABILIZE,33.09214639663696,30.98674625807119,-55.85822686310292,61.41034105377872,115.62682251174964,1.4568694771615185,-10.0,40.0,0.0,-1.5053832980243307,-1.6817726131747925,46.794937400078,-2.7383099955583154,-4.070935911288656,-0.2804724070271528,0.252055862181807,-62.10262634929528,63.67627388756175,114.7956688029845,30.12731671333313,18.461516499519348,22.520020604133606,1.916463888867352,-10.013735219513817,0
STABILIZE,33.12540888786316,30.07100659592773,-55.84322308754101,61.930716942508205,116.37358885212373,1.1648972164353433,-10.0,40.0,0.0,-1.5072445245731592,-0.8472832589927892,47.19392631553888,-2.6400902564265047,-4.054510707996786,-1.0567269452942933,0.2504075033605328,-62.00756393454291,63.34767408668722,115.33852537281416,26.20936632156372,17.14698225259781,19.118618965148926,1.2030675194377851,-14.674360903448916,0
STABILIZE,33.15939140319824,29.43061432129951,-55.719848216216725,62.369695664479366,117.02136639090156,0.862030476210073,-10.0,40.0,0.0,-1.4271003655126988,-0.16640448571840244,47.7223473157715,-2.516983493061181,-4.006357862678301,-1.2628071889377437,0.24895266121532567,-61.79339000111611,61.5397164958507,112.78684703320643,31.87759518623352,17.762286961078644,21.760979294776917,-0.3693101132305493,-10.986457463934828,0
STABILIZE,33.20580339431763,21.54870198260405,-55.56162640757032,62.87276586083056,117.69714511485137,0.5903500078791561,-10.0,40.0,0.0,-1.1015737631133027,0.3118033649746654,48.44149793348215,-2.439202239027707,-3.9962007944182547,-0.8144407775713665,0.24738221192400905,-59.32399045323795,63.98409631725636,116.4037568455336,26.019978523254395,15.689097344875336,15.052807331085205,-0.022603890547917796,-10.340614412812286,0
STABILIZE,33.22831892967224,44.436364406869444,-55.31005463057957,63.341233057056485,118.29198414833796,0.28742635497372004,-10.0,40.0,0.0,-1.0816007958763045,0.40829771624766675,48.62854266390294,-3.286129607951304,-3.3416555224839652,-2.7929409313463527,0.24609586297475705,-57.378085108995066,64.39992687877202,117.33975998721866,25.643840432167053,13.865749537944794,10.615622252225876,-0.14568738369499218,-12.270148829756414,0
STABILIZE,33.26114225387573,30.471230965942112,-54.9956338667613,63.5429842945633,118.53221025035808,-0.020030005310278792,-10.0,40.0,0.0,-0.7276215997461922,0.592028257456276,49.09673847112898,-2.2064619274701496,-3.5261900133743254,-1.7802779314235744,0.2454505323776343,-56.3713956941567,62.867638575916004,115.61720065918067,25.046443939208984,12.79105395078659,18.310807645320892,-1.4278451110541965,-13.575105135785185,0
STABILIZE,33.29393172264099,30.503585402394148,-54.597336462094454,63.92405378509986,119.05052411156599,-0.351032615127958,-10.0,40.0,0.0,-0.41696842795558636,0.650253965944195,49.60004145068888,-2.630526117834685,-3.2611391391281157,-2.22377972186812,0.244257310917253,-53.543982711882364,63.55780829637595,116.66232233155344,24.61313158273697,12.391383945941925,11.318954825401306,-1.9390547499922168,-10.188226062240133,0
STABILIZE,33.327608585357666,29.700285368323406,-53.985485412730725,64.26472876061999,119.65912843685871,-0.6898910892264607,-10.0,40.0,0.0,-0.3713748875333414,0.6415979284708203,49.77877725598435,-2.575652748537906,-2.766018440574796,-2.430156995567945,0.24287921719430716,-49.41493256680501,63.07415709744375,121.06368796571867,27.257618308067322,13.007843494415283,8.60041156411171,-2.205374245383194,-10.89773842925824,0
STABILIZE,33.36039185523987,30.507800964482882,-53.4421923463819,64.56803592156881,120.25126550435449,-1.067311306148724,-10.0,40.0,0.0,0.1451423202755643,0.7009374914019805,50.39715867777522,-2.5604220161728555,-2.816928223686897,-2.940779322405963,0.24153710822739716,-49.339869162740385,63.03757454203557,121.10907032949302,22.496336698532104,11.023153364658356,8.690282702445984,-2.6163054882449934,-12.385591833334322,0
STABILIZE,33.39454221725464,29.289218801282097,-52.9426157045537,64.86659606135225,120.68605499109569,-1.4095813219389435,-10.0,40.0,0.0,0.22201033641194562,0.6852562842021303,50.716627115824224,-2.5788300850514854,-2.8756865487754526,-2.883324988505079,0.24050534746933405,-51.74190420045561,62.76562359006603,117.80679785806547,26.77118480205536,12.919315695762634,11.387865990400314,-3.093386087964409,-9.708655428725088,0
STABILIZE,33.42946529388428,28.639445005872233,-52.306090087565536,65.13069352669196,121.15430390667949,-1.8030519591986174,-10.0,40.0,0.0,0.6090970602746965,0.6273198448977318,51.234895039855616,-2.516608174142817,-2.5892967602613477,-3.2996513908604097,0.23939689463176816,-46.56936530554562,63.00200725016981,120.12730617597992,21.26200944185257,10.173843801021576,7.760031521320343,-3.58593719287125,-11.886203405942487,0
STABILIZE,33.46308732032776,29.75021279010384,-51.738818322273985,65.41818341015235,121.56808233945436,-2.1601587018984136,-10.0,40.0,0.0,0.749035790258916,0.6567103623397083,51.59229834855488,-2.641726994217748,-2.5616057745629766,-3.478670687190874,0.2384102127963807,-48.785441240222966,63.0105477842239,118.95929533366416,23.145948350429535,11.886756867170334,7.5445592403411865,-3.9811207296866917,-8.506244167800302,0
STABILIZE,33.49766731262207,28.923441874577627,-51.236562021661776,65.63927666019794,121.89455920080613,-2.490336517178578,-10.0,40.0,0.0,0.8727591709058492,0.6556656102009607,51.906162616389885,-2.5157364216099483,-2.7304802727618145,-3.3563820567960314,0.23758435687910767,-47.87779926982209,62.90300604438616,119.40345442482084,17.45292991399765,10.282983630895615,6.418885290622711,-4.1481797483231215,-8.334838863031539,0
STABILIZE,33.53886914253235,24.273716375758138,-50.645676014096416,65.90176991588801,122.20580080243448,-2.889116625156458,-10.0,40.0,0.0,1.181932219358972,0.6744514051828462,52.18246425888441,-2.5611691076593672,-2.6456677265059954,-3.671834436600843,0.23676074228531102,-45.54886950882519,63.416114926118695,119.96174425533553,17.13438630104065,10.693983733654022,2.5096241384744644,-4.699195061872727,-10.596888233113043,0
STABILIZE,33.571250200271606,30.889757922567625,-50.06808036344443,66.21065325310538,122.61593518471685,-3.2388598526285097,-10.0,40.0,0.0,1.0223317226318132,0.6918727631563157,52.401532331228815,-2.7895679059530885,-2.3226554814669553,-4.104171778294252,0.23578170645600482,-46.155516835759315,62.972476574581506,119.87276760583083,14.860978722572327,11.470192670822144,4.167337715625763,-4.885083802209302,-5.234749187451568,0
STABILIZE,33.604748249053955,29.85949824871145,-49.588122074650336,66.40116829643148,122.71896272775881,-3.5169921203297965,-10.0,40.0,0.0,1.3026133377000464,0.691373038768994,52.77360005607609,-2.5776570572485262,-2.5284588992365675,-3.7683402006292077,0.23541097527770155,-46.155516835759315,62.972476574581506,119.87276760583083,13.91819566488266,11.50779277086258,-1.8984362483024597,-4.885083802209302,-5.962733801079976,0
STABILIZE,33.638017416000366,30.063678197170177,-48.9616030892982,66.59920609611247,122.88120499889065,-3.819812532208026,-10.0,40.0,0.0,1.2344510379910811,0.702443174587998,52.961416597873104,-2.599667037878847,-2.1398475182393715,-4.114129473991901,0.23492312741471283,-42.60151431116044,63.11194093345104,121.22278950123572,13.91819566488266,11.50779277086258,-1.8984362483024597,-5.506920995510661,-5.962733801079976,0
STABILIZE,33.6739706993103,27.817560800907287,-48.367872410690914,66.78411668768862,122.99315095589618,-4.120102133518235,-10.0,40.0,0.0,1.29324381226267,0.5766226057007535,53.24816159960858,-2.580093914318217,-2.241519713159386,-4.14001587796799,0.2345220912819712,-41.97355659448556,62.719634651891496,121.16860034661974,11.263878643512726,12.505240738391876,-3.0989887192845345,-5.940469406917982,-5.592040651803166,0
STABILIZE,33.70556402206421,31.66109832043782,-47.66498733926324,66.99848556601118,122.96816055898536,-4.350636907463103,-10.0,40.0,0.0,1.5111230048046687,0.6231242944783457,53.4375456698201,-2.680682832194458,-1.7409806917334842,-4.084994668872504,0.23441827743955906,-40.17640118102376,62.723346337369755,121.53057047261802,13.85180950164795,14.171303808689117,-12.366492301225662,-6.095894989740641,-0.7160522731483955,0
STABILIZE,33.74457859992981,25.63520459615561,-47.103190232223696,67.16150514810532,122.93752860831616,-4.637130790470713,-10.0,40.0,0.0,1.6052656365690698,0.5695086435150679,53.6504665719115,-2.570910309514843,-2.252871456361709,-4.253914643551782,0.23428807635424476,-41.66044332197718,62.53273419210194,120.78610076224183,12.326061725616455,14.240919053554535,-6.65663480758667,-6.409774242822332,-5.94501458282567,0
STABILIZE,33.777933835983276,29.989518014571818,-46.46659638301492,67.41265338413,122.88821877032198,-4.932177330513389,-10.0,40.0,0.0,1.3729501988860147,0.508105883206888,53.79024980837039,-2.7816338835215606,-1.8524400768309628,-4.710188737723505,0.23422102987234705,-40.030764709932456,63.23506343341755,121.00189621667232,8.847656846046448,13.369125127792358,-12.67293095588684,-6.5349166698613494,-3.856696623812142,0
STABILIZE,33.81249284744263,28.93980625396738,-45.69676391212009,67.67961844107127,122.94332944333904,-5.214084426394673,-10.0,40.0,0.0,1.4991223624329562,0.3620250255702551,53.9710517458898,-2.8006188579680558,-1.5336893946756258,-4.757128819287061,0.23394309951377634,-34.67767024759813,65.08741411825683,125.57453556233666,7.917738705873489,13.756769895553589,-13.999730348587036,-6.672056665381141,-5.728416904526695,0
STABILIZE,33.85687565803528,22.535603565460807,-45.03937490352205,67.93872117313231,122.75931450652901,-5.509262171088475,-10.0,40.0,0.0,1.3716738072848684,0.3143479572860389,54.271207824060596,-2.7520877555536147,-1.9874364578939883,-4.637160999627223,0.23426367367847978,-37.56829091966348,63.96208625212021,121.0941627574936,9.652034938335419,16.376501321792603,-15.181581676006317,-6.729035597132251,-6.798922271539725,0
STABILIZE,33.8875572681427,32.60016011316736,-44.12025924251925,68.31436132826137,122.92374144601423,-5.863229526762598,-10.0,40.0,0.0,1.431008300935004,0.2949771672739125,54.4330150054982,-3.0902854288326718,-0.7893965588696501,-5.825887964043874,0.23400169586129282,-31.448944569333946,65.47661000256963,126.01008076444354,3.303952142596245,13.191555440425873,-11.420775204896927,-6.9046974143974955,-6.547964045960532,0
STABILIZE,33.92113399505615,29.787186898564723,-43.54884269259826,68.50776199050624,122.52635884908454,-6.089936498269502,-10.0,40.0,0.0,1.185134724306062,0.14793501387245328,54.59076505456881,-2.779743023203835,-1.672364739021626,-5.0028780276277836,0.2347825421573304,-35.889122668397846,63.82398820115873,120.37897282523362,5.757031589746475,16.88147783279419,-21.733658015727997,-7.246653927447198,-4.62450209407537,0
STABILIZE,33.954463481903076,30.007970065749465,-42.933697394893336,68.73187174719907,122.19060150105769,-6.315731739470307,-10.0,40.0,0.0,1.116410641537863,0.06592956156209845,54.83532680799029,-2.8503578134370606,-1.4914060214853597,-5.149972715117631,0.23545656620908367,-33.613462555050006,64.6710038560968,120.52230937130611,2.07675751298666,15.225861966609955,-19.251039624214172,-7.352920332262125,-3.78902097508154,0
STABILIZE,33.98842787742615,29.447764547292742,-42.401164509224074,68.94881147147152,121.81283231462591,-6.528317356203818,-10.0,40.0,0.0,0.9605536220843998,-0.14220168371403583,55.05986927695446,-2.8654563137861815,-1.6374335477268067,-5.164147471409011,0.23620822537891323,-34.86900327746932,64.73668562501945,119.74295480640447,2.07675751298666,15.225861966609955,-19.251039624214172,-7.421038033009305,-3.78902097508154,0
STABILIZE,34.02146053314209,30.280722526242833,-41.78209430100263,69.24416981367246,121.34445787834338,-6.776123146448641,-10.0,40.0,0.0,0.8701304552098935,-0.16916020024423814,55.309287294875816,-3.0294752878859157,-1.3305401803688706,-5.566616611481451,0.23715081238854718,-33.40888005558925,65.56976634495395,119.26706136127336,5.04009984433651,18.163809180259705,-23.377344012260437,-7.574189220415816,-5.972263195632612,0
STABILIZE,34.05534648895264,29.51552725097639,-41.13510662313014,69.54339990883105,120.80604432175471,-7.071772160693856,-10.0,40.0,0.0,0.7321480941752065,-0.4343655601018436,55.543682311717724,-3.044931271153054,-1.2212812781954314,-6.0013519197437075,0.23822540703293532,-31.719770336953154,65.58065725107205,119.47757747355192,4.200389236211777,19.445595145225525,-28.26128900051117,-7.661649315021462,-9.467727335942058,0
STABILIZE,34.08894968032837,29.764568963070197,-40.54914798699003,69.84579589035197,120.3049441518976,-7.269602669639182,-10.0,40.0,0.0,0.6064578858515741,-0.5869910463042444,55.81574582183226,-3.0856883162571336,-1.2880903299018118,-5.532211642325764,0.2392274393052043,-31.453415784205006,66.34309719213834,118.74871934032889,0.8836260065436363,17.653264105319977,-24.014759063720703,-7.780170661283588,-3.729150951911793,0
STABILIZE,34.12197184562683,30.288157134604276,-39.974083986168424,70.18521319759815,119.65008532051469,-7.54999939281946,-10.0,40.0,0.0,0.5399514801295137,-0.6789817415932686,56.1169161830948,-3.195311089193256,-1.204558614242909,-6.2248068520651065,0.24054146566295614,-31.929729325994238,66.72970474868009,117.39378003597218,3.273453190922737,19.624389708042145,-29.840680956840515,-8.121811128444271,-8.474556358919674,0
STABILIZE,34.15616512298584,29.250001743435963,-39.43333862409035,70.50731761826542,119.05224787939652,-7.767659689538639,-10.0,40.0,0.0,0.19384550442065593,-0.8388828733656141,56.36188091767731,-3.178701133298952,-1.2579449468952222,-5.933154293191314,0.24173260125157403,-32.27853017546329,66.37188655795444,116.63102272870165,3.909159079194069,20.483018457889557,-24.757494032382965,-8.421547521232018,-4.717548907364808,0
STABILIZE,34.190263509750366,29.334694819591416,-38.83040957208815,70.9036358913382,118.39727800054405,-8.112159131448536,-10.0,40.0,0.0,-0.15856257477758157,-0.891606811116235,56.665889222539995,-3.3345324776709493,-1.0261111794068822,-6.895815908457992,0.24304458667413514,-29.866281663696906,67.83897463368103,115.37589362743373,2.380485460162163,21.29698097705841,-25.01181662082672,-8.804151800323474,-11.484418381790132,0
STABILIZE,34.23098874092102,24.557965244273735,-38.2245883668873,71.29623764502328,117.74786946599158,-8.442928793959995,-10.0,40.0,0.0,-1.0906608283669148,-1.160463440693741,57.05188370310492,-3.2608375528082205,-1.1697404344623006,-6.687201856128182,0.24431209946826282,-28.994041143021967,68.27316715080863,115.07608910025121,2.380485460162163,21.29698097705841,-25.01181662082672,-8.920961765918186,-11.484418381790132,0
STABILIZE,34.25649070739746,39.22292981717866,-37.594130219846626,71.72401591447759,116.94625367257899,-8.738672532319761,-10.0,40.0,0.0,-1.6834956351146342,-1.1685756777153065,57.2881331163065,-3.6446631826341447,-0.33942162840261136,-7.561586355933306,0.24598814697404014,-28.994041143021967,68.27316715080863,115.07608910025121,5.887508764863014,24.498872458934784,-35.43082773685455,-8.920961765918186,-8.107426007068673,0
STABILIZE,34.29004192352295,29.81238183239747,-37.16285597659591,71.97344079658933,116.32867268917096,-8.982149107595585,-10.0,40.0,0.0,-2.3004493339255494,-1.1521207915093936,57.649146179982104,-3.1901911811968002,-1.1963437598042537,-6.8427277008524925,0.24718675776343346,-28.276236295559325,68.97450444194388,114.30460640507658,-2.2508375346660614,18.234723806381226,-27.37100124359131,-9.157269704526566,-10.385241161301858,0
STABILIZE,34.324387073516846,29.120639857809376,-36.52320282630115,72.3888868679877,115.57295169779091,-9.179389853830308,-10.0,40.0,0.0,-2.990508041526992,-1.0816140293678214,57.88965763122576,-3.450144122923257,-0.6804443202254283,-6.654518024250721,0.2486950870235906,-27.03749061360667,69.57087022716833,113.53525105097924,3.9247754961252213,20.908237993717194,-30.071476101875305,-9.436546740985047,-3.879789920282778,0
STABILIZE,34.357351541519165,30.342057670327126,-35.89238996928814,72.82113503620597,114.71268868353374,-9.54563244369441,-10.0,40.0,0.0,-3.6278374752925244,-0.9040174782815596,58.2677700734885,-3.5418556564370878,-0.5396187490375225,-7.96382004717122,0.25042433856975993,-27.308539202300437,70.35080387764445,111.89822104505865,5.438167601823807,20.22128701210022,-32.39413499832153,-9.869299624366086,-13.223789233183702,0
STABILIZE,34.39146637916565,29.32034029821532,-35.266312515573944,73.20461888653759,113.79986893835228,-9.825746762973681,-10.0,40.0,0.0,-4.131919950191452,-0.7793497706210193,58.57510126538239,-3.4487434595057107,-0.5490394958945342,-7.534825744444396,0.2522447056675446,-26.805447282933724,70.97166262865926,110.94018854251765,6.382962316274643,17.616498470306396,-35.59390902519226,-10.11195812831253,-8.827700190897783,0
STABILIZE,34.42469906806946,30.094740618497525,-34.603654501397884,73.47914569151459,113.00897012966519,-10.105218407012414,-10.0,40.0,0.0,-4.303399960154262,-0.49180547667009383,58.88859328790764,-3.2516811731242865,-0.39770939132713157,-7.739063466523254,0.25383130042721413,-26.325074344672444,69.81709922326547,111.44936270820637,8.101985603570938,13.630546629428864,-29.434004426002502,-10.596602174011252,-7.467313484659772,0
STABILIZE,34.4579062461853,30.11916097574987,-33.90841700826961,73.78242789644023,112.08026022428805,-10.459737894876419,-10.0,40.0,0.0,-4.078855356755977,-0.11457498258393585,59.23724712428011,-3.3094769994972513,-0.2309279797202296,-8.40730664092291,0.2556903439779624,-25.47252811523733,71.85351244635561,108.6126702399169,10.440554469823837,11.689550429582596,-32.43542015552521,-10.835032018219671,-12.606289759569421,0
STABILIZE,34.49828314781189,24.769999409437194,-33.256631228150724,73.93687647212661,111.20496764532291,-10.76831401127993,-10.0,40.0,0.0,-4.034039070516938,0.1332191978828889,59.46984238627572,-3.036466341139522,-0.5449440898932942,-7.989782792876596,0.2574104973464566,-26.144711303577715,69.95141933347858,108.72274894724832,10.975180566310883,8.473334461450577,-31.055766344070435,-11.338328620166795,-9.117651966448578,0
STABILIZE,34.52459096908569,38.020812937379894,-32.62036094482168,74.15007177174684,110.1323879731971,-11.099211423799314,-10.0,40.0,0.0,-3.5342941926277915,0.44689890386796405,59.754333425585095,-3.2103529275110247,0.14573197300669338,-9.18704290920429,0.25961987753497484,-27.280737117253206,70.71017485683315,106.28646321023751,12.007255852222443,5.216360464692116,-30.234426259994507,-11.662428153777185,-6.948049206783199,0
STABILIZE,34.55903911590576,29.035970426162322,-32.05272817629998,74.18782519555147,109.28857461466258,-11.350567355338566,-10.0,40.0,0.0,-2.859950469646079,0.7603055490285842,60.05791484362465,-2.8621236020191243,-0.4175846722436971,-8.268801510896756,0.26127216958200383,-26.68790078847904,71.31566768192172,105.56846491776628,15.250302851200104,4.184641316533089,-31.1903715133667,-11.753111387879414,-9.505190069765932,0
STABILIZE,34.592769622802734,29.65073485228727,-31.431082409144167,74.26316316083444,108.34468058657075,-11.618739741730295,-10.0,40.0,0.0,-2.2036563753197713,1.045916899444396,60.32985882542871,-2.904303444936928,-0.20225427565763676,-8.557542113096867,0.263164108746705,-26.68790078847904,71.31566768192172,105.56846491776628,14.169985055923462,1.2072381563484669,-30.28499484062195,-11.753111387879414,-7.288271174625288,0
STABILIZE,34.6304087638855,26.572800648750015,-30.62904605254675,74.29134415635201,107.4635772877447,-11.860256315186176,-10.0,40.0,0.0,-1.3029522858376084,1.1802654397580774,60.71624262677633,-2.7569694361334016,0.06246455417727087,-8.400603273188867,0.2649111933842889,-22.15892237719136,70.91417904967422,107.10374127098973,15.488101541996002,0.8941981941461563,-33.72514843940735,-12.29517288134977,-5.28663471948157,0
STABILIZE,34.66001009941101,33.789607669378874,-29.96351414033715,74.32159945826999,106.35944527935136,-12.105502880236143,-10.0,40.0,0.0,-0.9387762042460488,1.2020663363717004,60.91452984857097,-2.7476167179597675,0.2150863001424811,-8.919444648864172,0.26715510925960284,-22.354903735746078,72.68655036091472,101.6269219377375,9.180214256048203,-3.0161164700984955,-34.46575701236725,-12.657999634441222,-5.624259507891762,0
STABILIZE,34.6926691532135,30.624075466738706,-29.31647762735894,74.31585465686052,105.3736173367079,-12.387204462069963,-10.0,40.0,0.0,-0.4674228752719119,1.2302045813180373,61.1444340160336,-2.698195296471678,0.08742042633956204,-9.15851200562545,0.26911519564428243,-21.044616835614008,72.79111372101625,101.30822581706661,9.641114622354507,-2.705801837146282,-33.255359530448914,-12.724041839667752,-10.13979148328828,0
STABILIZE,34.732877016067505,24.874887317929495,-28.628687530628113,74.34538689605246,104.28273256055998,-12.604160563404648,-10.0,40.0,0.0,-0.23227280236159556,0.9792046275518832,61.464045888055175,-2.786933025665697,-0.015086195786309875,-8.641189127417395,0.27126674085770386,-21.128444355655713,72.68027981707883,100.65255648753187,11.008122563362122,-1.5203770250082016,-36.28121018409729,-12.844469160069627,-4.978289671382752,0
STABILIZE,34.760284662246704,36.4950577753028,-27.898357929741923,74.26192928573828,103.28282389151899,-12.840972090549744,-10.0,40.0,0.0,-0.16341454372880293,0.8882922483780747,61.62049820118349,-2.377989339747861,0.6587564234208501,-9.435302082611408,0.2733212960100083,-18.69375404688452,70.836925252165,100.66960133254241,7.6981320977211,-3.58024500310421,-30.91544210910797,-13.166353715580222,-5.471227411990334,0
STABILIZE,34.793774366378784,29.865451438336656,-27.255435557402777,74.23930404518102,102.13656684152258,-13.081804248431043,-10.0,40.0,0.0,-0.03888944294761299,0.7315580298639409,61.8415914246168,-2.63078034896858,0.24697936513917057,-9.285385704459264,0.2755898603112322,-18.93229258014547,72.2997446422436,97.20435614148337,10.803323239088058,-0.19546339754015207,-42.93449819087982,-13.444861690173703,-8.835350856541844,0
STABILIZE,34.83033800125122,27.356000078266145,-26.55392638889072,74.25599030798979,100.87907535289511,-13.359767509434297,-10.0,40.0,0.0,-0.043639866195783306,0.5717457439116587,61.983399812164606,-2.668316906663003,0.4327799265248695,-9.644592176745075,0.27810411917082656,-18.93229258014547,72.2997446422436,97.20435614148337,10.803323239088058,-0.19546339754015207,-42.93449819087982,-13.444861690173703,-8.835350856541844,0
STABILIZE,34.8613166809082,32.28722306898835,-25.944727209759847,74.19420118305314,99.68667009563794,-13.541652660691772,-10.0,40.0,0.0,-0.20567753983744685,0.3351656801851502,62.161230617395056,-2.5398322672925713,0.30241505883628594,-9.216038216162543,0.280493712052025,-18.766549491554898,72.10781924292618,95.94808621073116,5.433874577283859,-4.537729918956757,-36.53523325920105,-13.643557416540126,-2.7579202500507822,0
STABILIZE,34.89435005187988,30.278317993142032,-25.43666891792243,74.0106591948169,98.55269188354521,-13.682009969950194,-10.0,40.0,0.0,-0.20451598079172156,0.07352086992742467,62.271046398870524,-2.330849424935269,0.0943152436541268,-9.057454193335545,0.28276415827998863,-20.139330362245836,70.05253948588144,95.83764680652635,5.037720873951912,-5.849428474903107,-36.30591630935669,-13.794028901160075,-0.8813488274782278,0
STABILIZE,34.92818737030029,29.56150094443348,-24.90043411936663,73.89788961860172,97.38643542183809,-13.813663708630768,-10.0,40.0,0.0,-0.04280215416625182,-0.09844763196317298,62.39362780390474,-2.442506882802773,0.2138565337335454,-9.067475395320837,0.28509550678819806,-18.888604070620573,71.76480630605334,94.02693002271465,5.037720873951912,-5.849428474903107,-36.30591630935669,-13.906148391648916,-0.8813488274782278,0
STABILIZE,34.96182417869568,29.736292095001772,-24.416462305892843,73.66003822950441,96.23793993329585,-13.942884581729425,-10.0,40.0,0.0,0.24826699764407625,-0.25941922913525256,62.50355969859609,-2.2048140244559034,0.09766706095799821,-9.133734298517526,0.2873945795797812,-19.59230463761554,69.38850330738967,94.10413737297296,4.841437190771103,-7.041387259960175,-37.428584694862366,-14.086105240336673,-0.7573271063027825,0
STABILIZE,34.995842933654785,29.399052345305183,-23.940915327911352,73.42674749576271,95.04367577019288,-14.155322531066819,-10.0,40.0,0.0,0.32112561269638074,-0.45598743105401807,62.578268307737694,-2.1975028370246736,0.11956926972939508,-9.743103167116512,0.2897834174637405,-21.04382324120852,68.25395092283452,93.39795874744581,9.923074394464493,-3.4587766975164413,-40.42808711528778,-14.201043592873528,-6.201265351237977,0
STABILIZE,35.03534960746765,25.315845701627847,-23.58079307701617,73.10446014883235,93.79682747907289,-14.297757506579124,-10.0,40.0,0.0,0.5223533376504171,-0.6071604882015863,62.63029385864568,-2.1705170975956944,-0.2018501869481607,-9.298588450503551,0.2922578875463962,-21.389149020963792,67.7456655454742,89.1146354764752,4.44692000746727,-7.884062826633453,-34.175264835357666,-14.523272172115654,-1.5367140160774138,0
STABILIZE,35.06537938117981,33.31192121356524,-23.12399150160075,72.81444400593436,92.48453899718007,-14.446762327257462,-10.0,40.0,0.0,0.8172329879656719,-0.6871740732550229,62.71746073283339,-1.9304283575547123,0.23586643333788432,-9.669630362893097,0.2949208500080186,-19.280838824765397,68.38391009191639,87.9425676159839,4.44692000746727,-7.884062826633453,-34.175264835357666,-14.55677293848475,-1.5367140160774138,0
STABILIZE,35.09912347793579,29.63983916217343,-22.723762829437252,72.5727126231748,91.3391025461864,-14.496519937799944,-10.0,40.0,0.0,0.833322459050989,-0.6285777736437778,62.71621080821527,-2.131886085524892,0.0693627064282013,-8.991190600307265,0.29719782227795155,-19.280838824765397,68.38391009191639,87.9425676159839,7.288157939910889,-4.306940734386444,-38.204461336135864,-14.55677293848475,1.493075083696556,0
STABILIZE,35.13216781616211,30.267829952443837,-22.204015175860594,72.42740251807236,90.10082829587932,-14.60109935416173,-10.0,40.0,0.0,0.7356751398295777,-0.5772354550962034,62.728955941206515,-2.21364450377999,0.42443362297159243,-9.392093047601346,0.29967896180425213,-17.54357719647959,69.54002382834305,87.37919757191804,8.46969187259674,-1.8788179382681847,-37.715256214141846,-14.567595032916566,-0.9465617661262171,0
STABILIZE,35.16772127151489,28.133641882147767,-21.848066521489002,72.12713034171345,88.80984984547634,-14.636959275576443,-10.0,40.0,0.0,0.5800052035263494,-0.4604220914552075,62.7017649581207,-2.0284903649419537,0.0005308139406578483,-8.984196225546683,0.30225418591131614,-19.051544645317968,66.87685718217098,85.38289403266714,3.54311466217041,-4.507308825850487,-39.99067544937134,-14.423417068796084,2.0687620602027237,0
STABILIZE,35.19999551773071,30.98949359419562,-21.380542690594826,71.92329685420044,87.38259159100737,-14.712954120723111,-10.0,40.0,0.0,0.6664945549648986,-0.4348524778844714,62.69102107055627,-2.0600732664509795,0.37608458266993056,-9.298065028763618,0.30512185519140456,-17.037312801449538,68.11101189464202,83.11027809269288,5.3924281150102615,-2.0949240773916245,-41.900116205215454,-14.649261599463113,0.24484008363015458,0
STABILIZE,35.235403537750244,28.250939609068745,-20.92158915753049,71.7576477038255,86.1068697489466,-14.783163416695979,-10.0,40.0,0.0,0.5341590528265198,-0.332786693280723,62.60099234710633,-2.1608336087012647,0.35006885349293093,-9.271213327566437,0.30766574672071423,-16.382370421078736,68.28787005721068,82.63033672692379,6.501352787017822,-0.4261178430169821,-39.15785253047943,-14.54538279714848,-0.9047597277452697,0
STABILIZE,35.268959045410156,29.805602535495517,-20.490622711585136,71.62415384698059,84.74716446118532,-14.778291422380338,-10.0,40.0,0.0,0.5793036683933951,-0.2597297359382237,62.539957776683096,-2.1956817497013184,0.3767721092842054,-8.8380101117612,0.310391632372705,-16.881176737645966,69.36183543563621,82.18691226110604,5.615312233567238,-1.6414986923336983,-41.344088315963745,-14.501772371440754,3.8022548934852627,0
STABILIZE,35.30136442184448,30.864526763506852,-20.06769246543617,71.4679980376078,83.3372814485228,-14.750365719762424,-10.0,40.0,0.0,0.6344086741217059,-0.21277514692172148,62.413209956255166,-2.1224433724830813,0.4047938290405643,-8.679345599022863,0.31321647941879127,-17.325115059124816,68.28719607978368,79.52524108034379,8.453775942325592,-0.28709801845252514,-42.97410845756531,-14.309434583167915,3.9289864922139106,0
STABILIZE,35.33440399169922,30.27176211612717,-19.692580585641323,71.25018264536463,82.05479711749352,-14.724576145421521,-10.0,40.0,0.0,0.967937376742301,-0.09345716491827374,62.246888019776186,-2.0141608865203637,0.29383042202536125,-8.678897840758541,0.3157817788785777,-15.192251700942295,68.4212032888135,78.11433717871196,1.337501686066389,-5.0161294639110565,-37.029096484184265,-14.35386303667057,3.325351875727932,0
STABILIZE,35.37472867965698,24.803690124186872,-19.35579093613003,71.05893504659835,80.69570246058024,-14.58177517949222,-10.0,40.0,0.0,1.254232759931319,-0.12805129266191478,62.143103295337845,-2.1600851160826156,0.1452093478234684,-8.036965354868837,0.31847913653922366,-17.553283783149066,67.72527864581465,76.62583643256251,6.171606853604317,-1.583750918507576,-38.979390263557434,-14.143455716866931,9.789632443977467,0
STABILIZE,35.405048847198486,32.991984645759096,-19.040132631636883,70.80647904341288,79.15933385893781,-14.440887349273101,-10.0,40.0,0.0,1.497250250270138,0.05299960658676102,61.82992546151442,-1.866250534451275,0.2498396342484227,-7.7215998753932595,0.3215867118389022,-16.82936186831995,67.24162136793439,75.98257617032824,0.9111844934523106,-4.132559150457382,-42.389434576034546,-14.115159248414663,9.763220102457028,0
STABILIZE,35.436591148376465,31.707291997399494,-18.765200319331964,70.6623103260663,77.92610047807831,-14.285343615025646,-10.0,40.0,0.0,1.6997640785005466,0.10608026830906306,61.54019566711165,-2.132672207185457,0.19650182129217986,-7.597267470746299,0.3240482369939095,-16.71950709227618,67.81305089434971,74.61834212405498,4.7044787555933,0.0988983316347003,-40.11909067630768,-13.988020337466718,9.311098291668973,0
STABILIZE,35.47552537918091,25.693307605133388,-18.494241445857135,70.52767700232054,76.58711503940015,-14.114461109370039,-10.0,40.0,0.0,1.6564429633595061,0.11186667250578695,61.21639005893968,-2.199241073713286,0.13323797788796132,-7.5549773208731805,0.3267111816974556,-15.506068774414821,68.5147801478645,72.93763318918317,0.12175850570201874,-1.4225038699805737,-39.986881613731384,-13.583154119859266,9.270776269903802,0
STABILIZE,35.50629281997681,32.507180667612204,-18.22499384074773,70.41230757826041,75.10325757267869,-13.95429370272467,-10.0,40.0,0.0,1.7267458870430357,0.2664988269316766,60.956576493101565,-2.1714739835800074,0.22020387465355762,-7.386475768999539,0.3296958956569994,-15.847205043440521,68.4389520266985,71.28882427963529,0.3541957587003708,-0.0014104414731264114,-42.139676213264465,-13.45257326587704,8.233519836883572,0
STABILIZE,35.53938555717468,30.239897333112236,-18.070777227385953,70.29131955441855,73.80276682383202,-13.731968624500022,-10.0,40.0,0.0,1.6432570697233848,0.3501335061427042,60.59000024034698,-2.2126549112057745,-0.023587539471029872,-6.887008321288832,0.33229738878793486,-15.661500823471858,68.18919772660652,69.90721944789199,-4.413441568613052,-0.3396689426153898,-38.530293107032776,-13.119857730471885,11.164148250287296,0
STABILIZE,35.57180595397949,30.83797634014896,-17.85507511425756,70.25738086160078,72.41988351347733,-13.448512704472348,-10.0,40.0,0.0,1.9138439783167256,0.5875705985274906,60.23367610153659,-2.34207087850412,0.15373830742843875,-6.33439841993485,0.33506556421967926,-15.148175150891603,69.20048895297577,69.38256363518853,-1.3999511487782001,2.217349410057068,-43.1656152009964,-12.966006291538553,14.586070463142745,0
STABILIZE,35.60542917251587,29.74915773570988,-17.722423519810146,70.16020878133314,70.9722301380542,-13.24692298388309,-10.0,40.0,0.0,1.8137341090952603,0.6555737761731358,59.819240713267725,-2.2583539064544955,-0.05251749879818457,-6.746188388951789,0.3379603138744505,-15.131823079986486,68.47518422220884,66.94011587578662,-6.392846256494522,-0.015434905071742833,-42.87892282009125,-12.47695750599446,8.249813253148636,0
STABILIZE,35.63995313644409,28.971990246665424,-17.58508992809984,70.1647454245594,69.47441955207071,-12.922600791612732,-10.0,40.0,0.0,1.531238979127414,0.7483729417443075,59.3694454356657,-2.447920966919304,-0.008037403622894512,-5.87785863301744,0.3409550599247899,-16.014460516928107,69.06975779085724,64.47767865563844,-3.0625060200691223,4.701831564307213,-40.64357876777649,-11.937470554658596,14.376368287697721,0
STABILIZE,35.672430992126465,30.797670883845246,-17.52277659782026,70.11834680693272,67.91687336501316,-12.577683174275583,-10.0,40.0,0.0,1.28392572668748,0.8169716265082131,59.01483567433698,-2.376079317500912,-0.1802345835591257,-5.419563499313968,0.34407814714843266,-14.53906782304873,69.39270293586151,63.55954393372481,-11.525020003318787,0.26678231079131365,-44.631507992744446,-11.672387369244298,15.007925144397536,0
STABILIZE,35.705880880355835,29.899088977915913,-17.391977476713684,70.17402132044354,66.43477526008664,-12.29561716694224,-10.0,40.0,0.0,1.0901859167761874,0.8245076730402644,58.61747575899315,-2.544295202432778,-0.0012108067321195959,-5.693931077059248,0.34704139848684284,-14.061967506229779,70.4109623609323,62.3399170087247,-6.743825972080231,3.727607801556587,-43.80939602851868,-11.11596324988301,10.171252188379004,0
STABILIZE,35.73990440368652,29.397816000112144,-17.352637659473768,70.18937821529084,64.88469689325518,-11.925669508785862,-10.0,40.0,0.0,0.6334011144974232,0.7702759710303632,58.15483972575151,-2.508170866044224,-0.21818461466316058,-4.976560101412911,0.35014247152164846,-15.053374018361481,70.03875690729272,60.38083140403677,-9.615420550107956,2.1502498537302017,-43.492987751960754,-10.735668444108523,14.65443894918728,0
STABILIZE,35.7734158039093,29.84611224569668,-17.333335457905598,70.2095101815475,63.323102981354054,-11.531041288908918,-10.0,40.0,0.0,0.31604443220156725,0.56545999552369,57.58683436418408,-2.5260260557898104,-0.27158426363487015,-4.567685257053659,0.35326875881377057,-14.682890696219635,70.27006169617971,59.23145699375534,-11.219710111618042,1.6996484249830246,-45.04031538963318,-10.293949473514651,15.345112800700846,0
STABILIZE,35.806623458862305,30.118079590986774,-17.390858965650782,70.26663238695228,61.73243132883607,-11.085145586823835,-10.0,40.0,0.0,-0.1020752027942836,0.4021381662767846,57.13710055828459,-2.6322655725508426,-0.4399977773943577,-3.9659541496445523,0.3564531265853682,-15.680719782081137,71.01714706356204,57.39491479570666,-12.694919109344482,1.8964339047670364,-45.85753679275513,-9.847486250946123,17.715973914449823,0
STABILIZE,35.84070658683777,29.34577791459976,-17.4868068202268,70.3358382581366,60.10252507731675,-10.686540748397404,-10.0,40.0,0.0,-0.7021682594739049,-0.00689979173250209,56.68448099746077,-2.6705200424581115,-0.5366599651304265,-4.0724015302405725,0.35971302833186486,-16.159165367133497,71.42031907251535,55.89148574721753,-13.224941492080688,1.5368543565273285,-48.724380135536194,-9.163429304349314,13.537001217952977,0
STABILIZE,35.873955965042114,30.083084691301355,-17.568936944810027,70.42877772224298,58.575498110538355,-10.298963933492447,-10.0,40.0,0.0,-1.6120977467297868,-0.509739739161549,56.225451304100886,-2.720487431349525,-0.528231913504092,-3.8458369032774713,0.3627711735610874,-15.669774096821026,71.79787612133539,55.45753683858995,-13.250318169593811,2.0507484674453735,-44.394633173942566,-8.963825013298253,12.68062953849584,0
STABILIZE,35.910279989242554,27.534688304185703,-17.609339595287114,70.52416420381161,57.085826064937045,-9.911435486730733,-10.0,40.0,0.0,-2.240936615026759,-0.7035671675932882,55.8165108030193,-2.6982060289476424,-0.4572315347868428,-3.809862305223415,0.3657455312412232,-14.50015591007551,71.88443661281613,54.54626597509553,-13.250318169593811,2.0507484674453735,-44.394633173942566,-8.597937840051749,12.68062953849584,0
STABILIZE,35.94366145133972,29.9650932679874,-17.70029083985321,70.65821011990649,55.49216628013934,-9.559286197672243,-10.0,40.0,0.0,-2.71409903699645,-0.8924517268609067,55.407027301898694,-2.8148785097742035,-0.5764832352308193,-3.625797660174469,0.3689415684078338,-16.44391192836879,73.61600983270154,51.85239198637176,-10.750258713960648,-0.30098510906100273,-40.66772758960724,-7.7691343738052705,7.726435493844423,0
STABILIZE,35.97919464111328,28.151202749140893,-17.7588372771216,70.7522093146519,53.978934272047965,-9.062288016675955,-10.0,40.0,0.0,-2.7837819075693893,-0.8787172836570689,54.95020717473532,-2.722016819286681,-0.5462423396619129,-2.587976355010283,0.37196681043246893,-16.62308419773131,73.17761196043068,49.73976210612013,-7.6347000896930695,-1.3142168521881104,-41.23319089412689,-7.100935204888136,16.751230184753034,0
STABILIZE,36.01102828979492,31.418713529142977,-17.83892376841714,70.85149088591677,52.43066519245913,-8.55135189202091,-10.0,40.0,0.0,-2.8968136409268728,-0.8227867321736856,54.66411445606558,-2.7577326747547817,-0.6276366459168135,-1.983682613253868,0.37507057269257066,-17.068888285194262,73.37858923425661,48.19210165504211,-7.6347000896930695,-1.3142168521881104,-41.23319089412689,-6.74272602198593,16.751230184753034,0
STABILIZE,36.044246673583984,30.11137673824241,-17.93244272452539,70.87896306617414,51.066229687995914,-8.115946940283184,-10.0,40.0,0.0,-2.619637734218585,-0.4499174739551395,54.12232677562724,-2.6166482274008986,-0.7010846214348587,-2.2516495869451196,0.377799595075308,-17.205116995251483,73.48718560342465,47.43401169527843,-8.02423432469368,-5.932759493589401,-35.53704619407654,-6.576331046317648,13.601463689565911,0
STABILIZE,36.07878303527832,28.959387989008107,-18.00370757217501,70.90745037398642,49.656652649632434,-7.6192839929731475,-10.0,40.0,0.0,-2.5261111001399543,-0.29439742828768123,53.8738854747572,-2.6079099876329894,-0.6793734527114739,-1.6667402221704481,0.38061877301723696,-17.033071213772807,73.73577850473986,46.912274019162574,-6.972992420196533,-6.31520077586174,-39.325615763664246,-6.35811410163145,17.34073356673308,0
STABILIZE,36.11148691177368,30.584326850859348,-18.050867533895538,70.9940753890573,48.164954126865425,-7.1553982885618215,-10.0,40.0,0.0,-2.3070590360514176,0.059165006241141294,53.39460768560282,-2.7211615665875284,-0.6445127005366541,-1.4620710821605813,0.3836069572815296,-18.29175637936825,74.38489392846282,44.306807432718216,-1.7307819798588753,-4.14801798760891,-38.943421840667725,-5.635352904744403,13.81242176604457,0
STABILIZE,36.14509153366089,29.76372409877945,-18.1232997025645,71.0122801355033,46.723398298709036,-6.77910969236385,-10.0,40.0,0.0,-2.0820785812067215,0.4511808988690332,53.013032337430886,-2.590026912524759,-0.7347606507771289,-1.827054768314468,0.3864904239158332,-18.356096895377213,74.35521286743868,43.56367904684956,-3.3401235938072205,-8.159922063350677,-40.55507779121399,-5.452782523767846,9.592610514726571,0
STABILIZE,36.17889094352722,29.591116253474624,-18.25829726174339,70.98198553716499,45.36226885521324,-6.3404302281801,-10.0,40.0,0.0,-1.8711123938784218,0.8816082145841296,52.68174084192859,-2.5056915053648323,-0.9027328526271258,-1.2309304473040568,0.3892135984363971,-18.49660268327408,74.47625343434171,42.20281596079262,-7.112889736890793,-11.29729375243187,-34.101906418800354,-4.9929281985948695,12.672004717121405,0
STABILIZE,36.21204614639282,30.167686808167844,-18.395984140259156,70.92295610880775,44.075895139756305,-5.926674094243937,-10.0,40.0,0.0,-1.7692480198139096,1.1158332771095854,52.40403901065421,-2.440409575966357,-0.9533042733848013,-1.0588370031242218,0.3917897861752091,-18.00313173808098,74.62787445150305,41.93069228816992,-8.738551288843155,-13.23954313993454,-31.86739981174469,-4.687412499920866,11.182004072325002,0
STABILIZE,36.24664115905762,28.91247613204751,-18.56444529670282,70.84494679815894,42.7611069092875,-5.50644994114761,-10.0,40.0,0.0,-1.6258479847460803,1.446438552043709,52.15972655913744,-2.4026368008343097,-1.0436364916947456,-0.8474599940552316,0.3944192641915251,-18.771973211307515,74.26529231334379,38.97336731286027,-8.738551288843155,-13.23954313993454,-31.86739981174469,-3.9764148175694443,11.182004072325002,0
STABILIZE,36.28908824920654,23.561387740427826,-18.777687187243867,70.7380810098629,41.36128772336105,-5.10481578014779,-10.0,40.0,0.0,-1.1218570770707135,2.005082712466814,51.71537494230392,-2.3763900227498165,-1.0854242879826341,-1.1880555545217084,0.3972065399550319,-19.19280161634313,74.39635476330837,37.55972004163657,-10.523481667041779,-15.112663805484772,-33.94879102706909,-3.573593432482811,9.185225589228454,0
STABILIZE,36.314021825790405,40.11653419796658,-18.98005031385591,70.62097157696091,40.050277211581715,-4.689277624637506,-10.0,40.0,0.0,-0.9129732436656216,2.3642896179937773,51.370815804338875,-2.2368934993553067,-1.3525778552453893,0.5210933337802484,0.39985951966228694,-19.426559908334056,74.29133473054027,36.39971880787641,-9.508467465639114,-15.498235821723938,-33.52400362491608,-3.2402279361980764,11.391048842062412,0
STABILIZE,36.34708070755005,30.261715283439514,-19.136890960853176,70.51117834714957,38.99955210540704,-4.421876004813871,-10.0,40.0,0.0,-0.7370196198790124,2.5948955873936255,51.04197293165402,-2.2929167722437485,-1.1396087313489565,-1.0157346461562757,0.40194994378722204,-19.5829613230734,74.01582686250478,35.73616947454637,-7.78094157576561,-15.640030801296234,-37.42090165615082,-3.0752634563279813,7.455969394222027,0
STABILIZE,36.381571769714355,28.99502267448291,-19.3910387300702,70.32183967645737,37.80770815238195,-3.947378329858811,-10.0,40.0,0.0,-0.5916364820743523,2.7123701453627906,50.624812297906324,-2.1494489048944825,-1.3653833115235654,0.3528620004366556,0.4043318449537807,-20.035846811422555,73.74500282928184,34.45748379796607,-12.009774148464203,-18.59505921602249,-27.138638496398926,-2.6869900249393166,15.339044177623292,0
STABILIZE,36.413623332977295,31.20529722490886,-19.758474018912306,70.08012114840317,36.3889505397187,-3.4882242292720074,-10.0,40.0,0.0,-0.5028716637859839,2.49450439975572,50.05728504958079,-2.0037383040747194,-1.7170885214283507,0.7725029495406552,0.40717545156306395,-20.27848153920909,73.63460105667795,33.80774727252455,-18.6042383313179,-20.943447947502136,-37.58299946784973,-2.5107505114444053,13.406329453846878,0
STABILIZE,36.46387982368469,19.902270516500984,-20.158300414945003,69.83858091970262,35.04733406399489,-3.041523736099259,-10.0,40.0,0.0,-0.40954529298825193,2.4050556020549987,49.6800741922885,-2.139718600167519,-1.5151612479731975,-0.04702902688074162,0.4098348856529601,-21.454163156284977,73.30912679575022,31.327335719134553,-18.6042383313179,-20.943447947502136,-37.58299946784973,-1.6478917835478692,13.406329453846878,0
STABILIZE,36.481943130493164,55.384241591950456,-20.697833268204196,69.46572479047872,33.24203411537509,-2.337577680444436,-10.0,40.0,0.0,-0.41645648393295276,1.9894234365775019,49.272923200769455,-1.0903879218110237,-3.2324685689276698,6.634483516722444,0.41349263898728084,-22.022375618346246,72.94797981575091,30.076752108730467,-20.653855800628662,-22.40700274705887,-27.244064211845398,-1.2832398675883223,18.169802418756735,0
STABILIZE,36.514405250549316,30.809887244279576,-21.087092754317954,69.24001336690307,32.71139385825991,-2.0377161782834343,-10.0,40.0,0.0,-0.4159150313586706,1.7011068510026888,48.75577542776194,-1.949555680346266,-1.9110450039176263,0.594450589435247,0.41453402701436676,-22.393915938181692,72.75265444534125,29.503241677661556,-22.33121395111084,-24.757853150367737,-24.836157262325287,-1.0751337435214283,15.204245271711212,0
STABILIZE,36.55035161972046,27.823650378782855,-21.6130286845889,68.90920457595247,31.571271413449733,-1.5224190760551228,-10.0,40.0,0.0,-0.45609329898615325,1.450158977428956,48.109851268143004,-1.7603708819243469,-2.180767496998461,1.9574658890435677,0.4168121236917731,-23.479401092064514,72.40370453744436,28.038735262840028,-22.4624902009964,-24.11736100912094,-23.690178990364075,-0.29573838835325766,16.267683527367396,0
STABILIZE,36.58240795135498,31.201118814532688,-22.14646380343942,68.5693217339579,30.51213124348918,-1.0009742372597092,-10.0,40.0,0.0,-0.5503986279910185,1.2448815906273367,47.591795079975874,-1.625997318527322,-2.3910119347410794,2.6659350202443663,0.4189367715296803,-24.330102403081284,72.02507224448638,26.99862042009425,-20.881764590740204,-23.594053089618683,-18.75878870487213,0.13010447569546246,16.19781410725275,0
STABILIZE,36.61559009552002,30.14167139767019,-22.710216954797136,68.22495366512675,29.49818193395523,-0.48609305557729654,-10.0,40.0,0.0,-0.5706924006755957,1.1176661156846759,47.1295551977061,-1.6004045099817377,-2.470698279412201,2.7970818930529786,0.4209642982274385,-25.665834966332902,71.53352966023044,25.549971066053402,-20.881764590740204,-23.594053089618683,-18.75878870487213,0.8299476514178992,16.19781410725275,0
STABILIZE,36.64932560920715,29.648219751323612,-23.347543623466517,67.84547817711955,28.427678324626644,0.06597955196109459,-10.0,40.0,0.0,-0.8638086348853706,0.8292001197217689,46.615098519231566,-1.4891521588225598,-2.681590308345984,3.310684513971467,0.4231062607689008,-26.12973086242473,71.46397959167612,25.129035112585964,-24.75503981113434,-25.489839911460876,-22.573435306549072,1.1358822097022698,18.022143974184814,0
STABILIZE,36.69191074371338,23.487238069639037,-24.006995879446013,67.45010525149097,27.363351236325585,0.5731484969204739,-10.0,40.0,0.0,-1.0669999858649328,0.586565440141588,45.818500386522146,-1.5644533466191766,-2.5196705010892666,2.730083512455519,0.4252267704149094,-26.12973086242473,71.46397959167612,25.129035112585964,-26.93524658679962,-26.481768488883972,-24.043476581573486,1.1358822097022698,15.955817089864611,0
STABILIZE,36.72371745109558,31.44627380416854,-24.669097146237018,67.06324511630584,26.406513870494443,1.08859337642506,-10.0,40.0,0.0,-1.3108949420686868,0.48921571439674827,45.14817537609334,-1.3199364626880778,-2.959214620566122,3.891108832770877,0.4271533433504463,-28.653768153555554,70.87953248492036,23.267590965791797,-21.162311732769012,-24.936580657958984,-16.386988759040833,2.617589452611267,13.773861933085264,0
STABILIZE,36.749956369400024,38.120679469584736,-25.231817161875203,66.75572077513105,25.811215146966582,1.6345605952966165,-10.0,40.0,0.0,-1.4893127166809368,0.3553740488246759,44.75577759318152,-1.2947824340788743,-3.067409862811622,5.1400514000104405,0.42835046509445773,-28.653768153555554,70.87953248492036,23.267590965791797,-22.868555784225464,-26.73560082912445,-15.196128189563751,2.617589452611267,24.330160059508213,0
STABILIZE,36.784695863723755,28.790027868154798,-25.856883855005588,66.40307391281222,25.16976507081979,2.188254224420811,-10.0,40.0,0.0,-1.5098122488142607,0.22258161770299373,44.24710266983941,-1.348001978693555,-2.898238838042658,4.499898512352979,0.42962548630065023,-29.091391338151738,70.65036755234527,23.077063183577955,-25.84550380706787,-28.40154469013214,-15.571394562721252,2.8607486742891437,24.1470819614479,0
STABILIZE,36.81708598136902,30.88088822134853,-26.620076154346332,65.92698368642452,24.440081559694445,2.804558718313897,-10.0,40.0,0.0,-1.6808423200654956,-0.00012720560318487615,43.79091433517426,-0.9625602338141672,-3.357003413600999,5.492872241289462,0.43108821065393077,-30.571355017554865,70.18210093549449,22.340862668657586,-25.937360525131226,-30.097180604934692,-6.171915307641029,3.76239436586458,19.21907315452702,0
STABILIZE,36.85148644447327,29.073406069344127,-27.361267508791222,65.4625682566543,23.806863342056662,3.34870089349813,-10.0,40.0,0.0,-2.023448664258155,-0.699247179664961,42.908911517083,-0.9790079556561619,-3.293955073675116,5.175516372649328,0.43235354278387833,-30.571355017554865,70.18210093549449,22.340862668657586,-26.704147458076477,-30.77244758605957,-6.105762720108032,3.76239436586458,18.10738131993199,0
STABILIZE,36.884241580963135,30.53556400064066,-28.125892789598144,64.96346883286274,23.17682064565623,3.8659523878557183,-10.0,40.0,0.0,-2.0319183122723823,-1.18304361920298,42.50413060120595,-0.7894105493774213,-3.4832194171757815,5.472356190991373,0.43361593926420894,-30.571355017554865,70.18210093549449,22.340862668657586,-28.246933221817017,-32.30225443840027,-5.976097658276558,3.76239436586458,16.178650303988984,0
STABILIZE,36.92084503173828,27.325346102478907,-28.83921007907855,64.48013974391587,22.580106161941313,4.2592521933064855,-10.0,40.0,0.0,-1.9964216057124144,-1.792878339908038,42.00640105600878,-0.8744232789797738,-3.2945954517454936,4.70590059669064,0.43480674838732747,-30.571355017554865,70.18210093549449,22.340862668657586,-27.12060809135437,-32.90131986141205,-9.140744060277939,3.76239436586458,10.899890792620441,0
STABILIZE,36.9540479183197,30.122621928885888,-29.537255264980324,63.9659653550122,21.997621034798584,4.664451386196669,-10.0,40.0,0.0,-1.8759475274805562,-2.4582057862985107,41.50675905784401,-0.653876237593286,-3.452826608213009,5.23567276828972,0.43597549765561994,-30.571355017554865,70.18210093549449,22.340862668657586,-24.165774881839752,-32.74882137775421,-6.024009734392166,3.76239436586458,9.796121977462626,0
STABILIZE,36.987608194351196,29.802849326748856,-30.130883432672597,63.49583693761561,21.5991090053764,4.993636054848578,-10.0,40.0,0.0,-1.7805161243971381,-2.8119741536988516,41.25170613385739,-0.7093784657986963,-3.284677264816691,4.957222974923556,0.4367727766015941,-30.571355017554865,70.18210093549449,22.340862668657586,-21.822860836982727,-33.4672749042511,-1.8777217715978622,3.76239436586458,9.466906005694364,0
STABILIZE,37.02237367630005,28.77027972507648,-30.582290678135617,63.07953191473001,21.292411693460103,5.437060595221126,-10.0,40.0,0.0,-1.4497422291678796,-3.321122921414636,40.886847673679064,-0.8105170870836269,-3.0146249104783203,5.817424161883138,0.43738561611548804,-30.571355017554865,70.18210093549449,22.340862668657586,-13.226684927940369,-30.576810240745544,1.4067149721086025,3.76239436586458,18.114445443081074,0
STABILIZE,37.057124376297,28.782915414281987,-31.082103454125733,62.62731153249081,21.074223428448107,5.716218766942319,-10.0,40.0,0.0,-1.3574766187647624,-3.7080055400150798,40.61444265410603,-0.6513175879372364,-3.1802317793257067,5.089698137055043,0.43782320056925605,-30.571355017554865,70.18210093549449,22.340862668657586,-17.225775122642517,-32.86888003349304,6.5093450248241425,3.76239436586458,7.749096353963233,0
STABILIZE,37.088865756988525,31.508639081703176,-31.488031123793633,62.206290302531656,20.867512607618988,5.9185462900319825,-10.0,40.0,0.0,-1.1519502502235548,-3.9090636841786295,40.42457705555802,-0.6653251855207156,-3.0450154639160516,4.781292723254261,0.43823751783508014,-30.571355017554865,70.18210093549449,22.340862668657586,-13.285419344902039,-32.38639235496521,3.8604192435741425,3.76239436586458,5.035170206130148,0
STABILIZE,37.123053789138794,29.259183815835367,-31.930822671958413,61.80316524510549,20.768539852094815,6.115459504002152,-10.0,40.0,0.0,-0.9777917388890426,-4.3303288347306825,40.20406781329874,-0.6780178179415661,-3.1371940075667593,4.8260016320212396,0.43843463632757196,-30.571355017554865,70.18210093549449,22.340862668657586,-17.273984849452972,-32.446420192718506,7.906615734100342,3.76239436586458,6.361123367441187,0
STABILIZE,37.157240867614746,29.255102183162446,-32.300443878201705,61.39887589930665,20.665796717681015,6.174259085834175,-10.0,40.0,0.0,-0.6096918737018694,-4.55662452787743,40.12193820362392,-0.6604447573497427,-3.0145629096157305,4.047948709983755,0.43864009755914163,-30.571355017554865,70.18210093549449,22.340862668657586,-13.07239830493927,-32.64852464199066,6.308428943157196,3.76239436586458,-1.4347734427149734,0
STABILIZE,37.190019845962524,30.517123711265196,-32.650741554234,61.00673359648134,20.58951363198091,6.219570625708442,-10.0,40.0,0.0,-0.33698477834062146,-4.746094402340407,40.026827819431496,-0.6172879845953416,-3.034636507140916,4.007934224026017,0.43879394970628105,-30.571355017554865,70.18210093549449,22.340862668657586,-13.07239830493927,-32.64852464199066,6.308428943157196,3.76239436586458,-1.4347734427149734,0
STABILIZE,37.22634959220886,27.529085908938757,-32.87035148136992,60.65496735229248,20.603253730171602,6.297836752997818,-10.0,40.0,0.0,0.30280363024782153,-4.645077185176388,40.00869366718511,-0.7680436720791487,-2.7464559041631555,4.209121009624171,0.43876352105536776,-30.571355017554865,70.18210093549449,22.340862668657586,-6.217728927731514,-31.52535855770111,9.947582334280014,3.76239436586458,2.093205386251495,0
STABILIZE,37.25701832771301,32.61232709488302,-33.014455659540644,60.2821961087823,20.737898472384526,6.3732318144599205,-10.0,40.0,0.0,0.9586819368084047,-4.577803236946346,39.97531794780584,-0.5847330594931843,-2.6469308488203027,4.31616003468889,0.43849879113170215,-30.571355017554865,70.18210093549449,22.340862668657586,-1.545465923845768,-30.597707629203796,18.785546720027924,3.76239436586458,0.7786432729287461,0
STABILIZE,37.290491819381714,29.881196301098555,-33.13361838411925,60.02463489586214,20.904836888188953,6.334543471079859,-10.0,40.0,0.0,1.97738736259947,-4.366916450567149,39.96525366406383,-0.8649588876101892,-2.607940602992799,3.569813045169539,0.43816230620304064,-30.571355017554865,70.18210093549449,22.340862668657586,-3.7187758833169937,-29.79135811328888,15.315413475036621,3.76239436586458,-2.270723710327419,0
STABILIZE,37.325173139572144,28.84348352313363,-33.22501683969591,59.73931983278826,21.114692956911835,6.323465135640083,-10.0,40.0,0.0,2.2667128951807407,-4.267410412756995,39.94866313456987,-0.813511784166123,-2.5468080176659798,3.729917819519807,0.43774144811973636,-30.571355017554865,70.18210093549449,22.340862668657586,-0.13237432576715946,-28.678035736083984,19.10315454006195,3.76239436586458,-1.5494010924607124,0
STABILIZE,37.359944343566895,28.76297977685276,-33.301096693157604,59.463551014407884,21.34007886100489,6.305243235989821,-10.0,40.0,0.0,3.7392485328260108,-3.6405727898868365,40.028675385601986,-0.8199485780079986,-2.5218608703978345,3.6786530557134274,0.43729007131149755,-30.571355017554865,70.18210093549449,22.340862668657586,-0.13237432576715946,-28.678035736083984,19.10315454006195,3.76239436586458,-1.5494010924607124,0
STABILIZE,37.39208126068115,31.126329303678638,-33.27871160317581,59.26368114466245,21.58886503786117,6.337011861182971,-10.0,40.0,0.0,4.558586926603339,-3.187821107591259,40.14139058238012,-0.9348409846141982,-2.3309520088770403,4.00024714423847,0.43679456447219134,-30.571355017554865,70.18210093549449,22.340862668657586,4.908397048711777,-25.311946868896484,19.629837572574615,3.76239436586458,2.0946858297540953,0
STABILIZE,37.42436075210571,30.98216844686729,-33.159390106370665,59.17984177495455,21.87298903733434,6.197308119571912,-10.0,40.0,0.0,4.9601772903643475,-2.785766931296924,40.282898441604445,-1.1935040839580755,-2.135284348626478,2.8546976447897983,0.4362257178049195,-30.571355017554865,70.18210093549449,22.340862668657586,9.604445844888687,-20.38220465183258,20.49051821231842,3.76239436586458,-6.9247172805784345,0
STABILIZE,37.45860314369202,29.211499888566973,-33.08945960772424,59.17681619496406,22.158869365107037,6.072583881353809,-10.0,40.0,0.0,5.367211741780679,-2.3254422767590954,40.44951066112315,-1.3486706043078636,-2.2575953106221527,2.908970013913541,0.43565216247138056,-30.571355017554865,70.18210093549449,22.340862668657586,6.4800843596458435,-14.377571642398834,20.50527185201645,3.76239436586458,-6.0370637616094625,0
STABILIZE,37.49259543418884,29.423594693754428,-33.054109678853756,59.20943164576898,22.509258265431082,5.988324892152001,-10.0,40.0,0.0,5.626898522232326,-1.965774760349979,40.574171858759634,-1.4149845662727887,-2.3318610338676313,3.1008863013775296,0.43495065113304904,-30.571355017554865,70.18210093549449,22.340862668657586,4.239334166049957,-11.092377454042435,24.375122785568237,3.76239436586458,-3.675884441008979,0
STABILIZE,37.52543234825134,30.46193623356816,-32.97085362341842,59.34931428992827,22.911427405869993,5.8987939767958,-10.0,40.0,0.0,5.532446824407981,-1.7681180503930956,40.734285153283075,-1.655131304967525,-2.241147787821143,2.9935062421178062,0.43414707712989564,-30.571355017554865,70.18210093549449,22.340862668657586,6.47590309381485,-5.499683320522308,27.073165774345398,3.76239436586458,-3.625415746344932,0
STABILIZE,37.566343545913696,24.44660488430378,-32.89064731723785,59.56163956393652,23.28179173695595,5.755045298099352,-10.0,40.0,0.0,5.238567263197605,-1.7042626118426463,40.935608394163786,-1.7333407521708113,-2.2784394820759086,2.7509507816062837,0.43339828133951336,-30.571355017554865,70.18210093549449,22.340862668657586,5.2833326160907745,-2.403879165649414,24.7592955827713,3.76239436586458,-6.36260978735931,0
STABILIZE,37.600043535232544,29.68010925790952,-32.80848416820723,59.814001632421636,23.647126468874585,5.598083007510944,-10.0,40.0,0.0,4.993063797444313,-1.496544606351511,41.15097450397804,-1.9503036019720053,-2.2405127457445073,2.3557452300461375,0.4326761453060161,-30.571355017554865,70.18210093549449,22.340862668657586,5.298597365617752,0.5818942561745644,24.161747097969055,3.76239436586458,-7.227842783490893,0
STABILIZE,37.6263701915741,37.99326062538498,-32.74103728336909,60.14950300148798,23.975182769414968,5.443238420052666,-10.0,40.0,0.0,4.593779049415007,-1.4329969532005356,41.40479799391406,-2.2140850648760733,-2.2737421101887967,2.1883590390325263,0.4320220733448923,-30.571355017554865,70.18210093549449,22.340862668657586,3.249644488096237,3.995335102081299,22.023846209049225,3.76239436586458,-6.592642020868878,0
STABILIZE,37.6607186794281,29.11740530934133,-32.68138676900218,60.5516066043442,24.345137575019706,5.282106786332933,-10.0,40.0,0.0,4.0339865634376935,-1.5145003199058282,41.667073842947964,-2.249208581973601,-2.3082826852145026,2.2315419941035524,0.431276258458296,-30.571355017554865,70.18210093549449,22.340862668657586,1.3649976812303066,5.884071439504623,25.70735514163971,3.76239436586458,-6.593664841697087,0
STABILIZE,37.69386863708496,30.172461172137456,-32.645913777272455,60.9378941135561,24.73795950307228,5.172504849181501,-10.0,40.0,0.0,3.3594710185096726,-1.7525383888962964,41.91450769091543,-2.2767153211758333,-2.3500934111727583,2.4415537347396543,0.4304913131816299,-30.571355017554865,70.18210093549449,22.340862668657586,1.154672633856535,8.21368545293808,26.08378231525421,3.76239436586458,-3.958267086298932,0
STABILIZE,37.74489426612854,19.603032314149242,-32.61567019680796,61.38383360209242,25.207066870001693,5.021049623002093,-10.0,40.0,0.0,2.5051242766980324,-2.1369544554327193,42.17779440794649,-2.2685964190194055,-2.3638211621374077,2.268956696512788,0.4295447972243603,-30.571355017554865,70.18210093549449,22.340862668657586,0.3993113059550524,11.537738889455795,31.134220957756042,3.76239436586458,-6.411672743714805,0
STABILIZE,37.7676305770874,43.99727266051966,-32.61398966459359,61.814755843188145,25.718684487514214,4.901624762519724,-10.0,40.0,0.0,1.4470620202488842,-2.680317775135213,42.44112210611258,-2.439565818367083,-2.422284269931644,2.2164495846481915,0.42852871695271766,-30.571355017554865,70.18210093549449,22.340862668657586,-0.077561114449054,13.067258894443512,30.549535155296326,3.76239436586458,-4.564917658190295,0
STABILIZE,37.8000705242157,30.832082448157486,-32.50821104447938,62.31787734050419,26.056925860064727,4.782234849518195,-10.0,40.0,0.0,0.49648308903449473,-3.3414126386743934,42.704910842047646,-2.6590114262328024,-2.200867397523666,2.134057241112944,0.4278523008357411,-30.571355017554865,70.18210093549449,22.340862668657586,4.417983815073967,13.828474283218384,23.67013245820999,3.76239436586458,-4.293832572674366,0
STABILIZE,37.85412883758545,18.501316700705328,-32.45239252167902,62.8070334566426,26.33107611592976,4.642910346188023,-10.0,40.0,0.0,-0.4763951825203699,-4.347677088335692,43.09610309657096,-2.272808514088177,-2.314554207423811,2.2695986849219416,0.42728098706161743,-30.571355017554865,70.18210093549449,22.340862668657586,1.0094275698065758,13.160760700702667,20.218808948993683,3.76239436586458,-5.593048958479389,0
STABILIZE,37.86827039718628,70.73502428494334,-32.37793926741217,63.27146575716543,26.842771016043336,4.484725669541734,-10.0,40.0,0.0,-0.5811929093899911,-4.505798102055603,43.18490921615946,-3.845150752398094,-2.130901445816281,0.47411793293489257,0.426299133994107,-30.571355017554865,70.18210093549449,22.340862668657586,2.649352326989174,12.426525354385376,23.11852127313614,3.76239436586458,-5.979431052279717,0
STABILIZE,37.90639686584473,26.23423964373057,-32.179861100432085,63.755380706918764,27.037988053715306,4.338009265412806,-10.0,40.0,0.0,-1.1887728672561515,-5.095343745831138,43.391618061200724,-2.61693123948221,-2.0113233622590734,1.8324093892328732,0.42588283037124597,-30.571355017554865,70.18210093549449,22.340862668657586,7.764384150505066,12.076710164546967,27.790799736976624,3.76239436586458,-7.099291793122084,0
STABILIZE,37.934746503829956,35.28212720497312,-32.021501432172535,64.17614216370228,27.44054521164419,4.256494533750665,-10.0,40.0,0.0,-1.4485162102118623,-5.470389006269715,43.58702294316562,-2.801580388959984,-1.976927126272856,1.9740112648624724,0.42508805094890767,-30.571355017554865,70.18210093549449,22.340862668657586,8.91781598329544,11.280940473079681,25.5571186542511,3.76239436586458,-1.9542101828680896,0
STABILIZE,37.96864867210388,29.501410253704993,-31.828631879119666,64.59534993684808,27.697055778681637,4.151778963805234,-10.0,40.0,0.0,-1.721337230994032,-5.6228930431709365,43.73850970876733,-2.663928819940841,-1.9436477268910242,1.87784406470454,0.4245680514861159,-30.571355017554865,70.18210093549449,22.340862668657586,10.12740507721901,11.150158196687698,23.69028329849243,3.76239436586458,-4.260762504260457,0
STABILIZE,38.01575446128845,21.232037095157583,-31.54767660014579,64.99824250634391,28.076113013269126,4.041784023406873,-10.0,40.0,0.0,-1.7769868375869455,-5.544928995116179,43.836393149762785,-2.460807886157983,-1.8768868421686977,1.9578995828489796,0.42379489001459625,-30.571355017554865,70.18210093549449,22.340862668657586,16.51420295238495,10.44037789106369,27.680939435958862,3.76239436586458,-4.254744253828029,0
STABILIZE,38.03634071350098,48.598058072439926,-31.231783576833745,65.37821498673722,28.410712216061647,3.9224033901585953,-10.0,40.0,0.0,-1.9740177314611265,-5.467653942393948,43.94413255373057,-3.1872752636850863,-1.2309789001300278,1.1892236901304452,0.42315526936362063,-30.571355017554865,70.18210093549449,22.340862668657586,18.682119250297546,9.272739291191101,25.71677565574646,3.76239436586458,-4.992134464830368,0
STABILIZE,38.07024574279785,29.499542839459284,-30.86763789970863,65.71272827067816,28.634449658920115,3.906833380662193,-10.0,40.0,0.0,-1.9357763560718713,-5.257076222074693,43.97196215950378,-2.6307483444842346,-1.4877385555040088,2.2523571219297636,0.4226922234614324,-30.571355017554865,70.18210093549449,22.340862668657586,23.74241352081299,8.800560981035233,29.793795943260193,3.76239436586458,-0.18099979956192633,0
STABILIZE,38.102994441986084,30.540455525135435,-30.41435738599887,66.03565026062974,29.125588295818588,3.8836952381553114,-10.0,40.0,0.0,-2.0465131458682304,-4.472830486479244,44.00693955824342,-2.6733265332770477,-1.231554260679805,2.1890342659895374,0.42171063679381776,-30.571355017554865,70.18210093549449,22.340862668657586,28.803765773773193,6.842745840549469,36.526140570640564,3.76239436586458,0.6179434359103324,0
STABILIZE,38.13671278953552,29.663316760610197,-29.95945631389301,66.35115562610589,29.601818544774076,3.8646554324934823,-10.0,40.0,0.0,-1.8487477932148613,-3.716737083095295,43.99565608573456,-2.6666998106640953,-1.2137626145021643,2.205910747591881,0.4207564195843992,-30.571355017554865,70.18210093549449,22.340862668657586,28.803765773773193,6.842745840549469,36.526140570640564,3.76239436586458,0.6179434359103324,0
STABILIZE,38.172040939331055,28.311771416228474,-29.533182996820088,66.62947644178217,30.030615381397844,3.8229839620618233,-10.0,40.0,0.0,-1.8529223194582085,-3.145811388770861,43.95478764883579,-2.589910764874856,-1.2673467614492027,2.0576388699108286,0.41989637543959263,-30.571355017554865,70.18210093549449,22.340862668657586,26.50657296180725,4.659193754196167,33.17261338233948,3.76239436586458,-0.8792031875834918,0
STABILIZE,38.20467829704285,30.649138831851165,-29.017709832542963,66.90884368313917,30.442305563758666,3.874412027872739,-10.0,40.0,0.0,-1.5188921315421464,-2.003359370361855,43.87753137913377,-2.677438452874208,-0.9640157386039605,2.6411923635725545,0.4190758219693839,-30.571355017554865,70.18210093549449,22.340862668657586,32.80602991580963,5.287769436836243,32.90548920631409,3.76239436586458,4.729332691230372,0
STABILIZE,38.244799852371216,24.929294850458845,-28.492766016044232,67.15475562090359,30.874189904549162,3.9444872601128083,-10.0,40.0,0.0,-1.3107604727194022,-1.1771128805692934,43.75891148381816,-2.523311580070735,-1.1086961423756858,2.714592912257037,0.41820186997373654,-30.571355017554865,70.18210093549449,22.340862668657586,34.45624113082886,3.989831358194351,36.40047907829285,3.76239436586458,5.634252501534314,0
STABILIZE,38.27201700210571,36.74765634582698,-27.95906265080059,67.38167446090588,31.33056614587913,3.972338743470623,-10.0,40.0,0.0,-1.172425236364549,-0.6664297748894893,43.65371632531621,-2.7198189878271943,-0.6151918277737015,2.5879194106749184,0.4173047343577228,-30.571355017554865,70.18210093549449,22.340862668657586,34.02613699436188,2.6891538873314857,36.00585758686066,3.76239436586458,2.9714885260094452,0
STABILIZE,38.313236236572266,24.26529053756971,-27.495469503386637,67.56006705494042,31.690472893486596,4.060019191685557,-10.0,40.0,0.0,-0.9962148935146826,-0.08735931343354651,43.443032310178,-2.4352387993902145,-1.1431327326019782,2.861773677948811,0.4165668441275035,-30.571355017554865,70.18210093549449,22.340862668657586,29.774096608161926,0.22899569012224674,31.67649209499359,3.76239436586458,6.513826760488808,0
STABILIZE,38.339664459228516,37.8458484471153,-26.890890019464287,67.77120120900727,32.12436355759095,4.155816501113197,-10.0,40.0,0.0,-0.603306393879848,0.3664351132986884,43.269589901489276,-2.750377235173418,-0.2985101725595932,3.2193098526564805,0.4157173534249029,-30.571355017554865,70.18210093549449,22.340862668657586,34.01248753070831,1.050708256661892,28.450146317481995,3.76239436586458,6.828851306709074,0
STABILIZE,38.38520288467407,21.963501547387768,-26.50180397787841,67.89260043723448,32.26937592850033,4.255661104110722,-10.0,40.0,0.0,-0.08094243741970548,0.7588394062345586,42.949708236995484,-2.399765656965172,-1.0908289348238254,3.108632918714062,0.41541482577065164,-30.571355017554865,70.18210093549449,22.340862668657586,31.100672483444214,-0.6733304355293512,27.832725644111633,3.76239436586458,7.154354216889788,0
STABILIZE,38.410388469696045,39.71540304330124,-26.062132063631214,68.01677504950312,32.50606202539414,4.378756997673249,-10.0,40.0,0.0,0.6162520035954022,1.0883959803268208,42.62634317602499,-2.4328076840250787,-0.931216302564737,3.3352683214780727,0.4149426637126538,-30.571355017554865,70.18210093549449,22.340862668657586,29.466521739959717,-1.6607116907835007,26.17066502571106,3.76239436586458,8.402681424509984,0
STABILIZE,38.44078469276428,32.90682567079868,-25.731903533528243,68.09190696559885,32.644390853917045,4.528466058822086,-10.0,40.0,0.0,1.1568735359546647,1.318465779876823,42.37717104491375,-2.3580263736252762,-1.0266742894894507,3.7030271352152306,0.4146715637579689,-30.571355017554865,70.18210093549449,22.340862668657586,24.707776308059692,-3.861939162015915,22.969922423362732,3.76239436586458,10.174461523515264,0
STABILIZE,38.47372794151306,30.36072646200841,-25.375333388568112,68.16812079618505,32.793492261459036,4.702295473230854,-10.0,40.0,0.0,1.7264152631985248,1.50256509793976,41.98955439442094,-2.3528742594660477,-1.0063705738272106,3.875277455478692,0.41436974402720333,-30.571355017554865,70.18210093549449,22.340862668657586,28.0914306640625,-3.1823985278606415,24.86775666475296,3.76239436586458,11.843455813248315,0
STABILIZE,38.513899087905884,24.897626764492884,-25.19237740221544,67.49463866927981,34.26039406318557,5.143931256363275,-10.0,40.0,0.0,2.455024839135989,1.618188354478734,41.556636514258024,-1.021327671696619,-1.3283760162107137,5.288122361231977,0.41142423552317386,-35.49465547198295,52.37532493870174,50.89889724912593,27.891206741333008,-2.6015935465693474,25.895965099334717,8.490844897836741,14.86644460592989,0
STABILIZE,38.541226387023926,36.601427648917046,-25.10149003827928,66.83911733504092,35.6632408399056,5.50252399572219,-10.0,40.0,0.0,2.676395752447745,1.5829201390908443,41.29421723125155,-0.4888222701188603,-1.362784161960157,5.9300480588524955,0.40863459599808993,-35.34052221104718,52.215644415196465,51.087604583458244,20.545780658721924,-1.9512245431542397,22.118327021598816,8.689361801921937,9.191122603803114,0
STABILIZE,38.57459998130798,29.968733030380978,-25.074187867264254,66.22012543456168,36.936859349077956,5.850394713991309,-10.0,40.0,0.0,2.9222618585572824,1.4655011831303915,40.888053202067574,-0.7744993030334741,-1.5707103252392773,5.58963989691468,0.40607684691565166,-34.17283621336526,52.27673778570416,51.524253549081294,19.49535310268402,-0.7155933417379856,25.307947397232056,8.827038681503746,10.360655895384397,0
STABILIZE,38.61522674560547,24.618938891464996,-24.9503498720491,65.64692513362988,38.16624607698183,6.277854348187842,-10.0,40.0,0.0,3.1652069915795815,1.234783582826296,40.47726171972091,-1.0211567263112513,-1.4365094086140189,5.874761584279022,0.4036055945611844,-32.76362607290278,51.77478028773969,52.786914987741575,16.597265005111694,2.361709624528885,13.98525983095169,9.345651515385896,13.079562958669714,0
STABILIZE,38.64893460273743,29.67234036532394,-24.689632457571747,65.1148270503881,39.5013609579885,6.78286630374128,-10.0,40.0,0.0,3.4729537577957883,1.1928154854711528,40.00154587421869,-0.9054337811059991,-1.0806198237120566,7.06237814874558,0.40094395115631826,-32.288390186010616,51.59676617399458,52.44624403445103,18.647761642932892,5.061084404587746,14.880461990833282,9.695913246141934,15.173791165749417,0
STABILIZE,38.683185338974,29.201127858808785,-24.503783879774776,64.61375367226249,40.735690338605245,7.244562957228567,-10.0,40.0,0.0,3.5791207241505854,0.981470969695858,39.648069924292194,-0.9148744989949631,-1.2358219608223027,7.043225469205712,0.3984728207164985,-31.11400484236763,50.998919384386575,53.677489231899024,17.62808859348297,7.537964731454849,18.000642955303192,10.221092200005353,13.70935848033731,0
STABILIZE,38.72456765174866,24.16950851979693,-24.363181456711043,64.13140230190885,41.94177720076693,7.709056217316935,-10.0,40.0,0.0,3.5658219189497475,0.875734145176213,39.234290234183646,-1.044513983882851,-1.3933003583333876,6.868615661239179,0.3960469668903579,-29.721234161561917,50.80058382007936,55.164370991210866,11.30046546459198,8.124370127916336,14.33996856212616,11.016222550160416,12.115594455443718,0
STABILIZE,38.75097370147705,37.87968607476045,-24.126401163756828,63.70407935251185,43.28571922383637,8.177835884464464,-10.0,40.0,0.0,3.3354351559335744,0.7072951702196458,38.858182452442314,-0.757169790112991,-0.9393376729873821,8.499287673500287,0.39338337635315695,-29.721234161561917,50.80058382007936,55.164370991210866,12.1897853910923,11.140262335538864,16.160641610622406,11.016222550160416,10.229401857651554,0
STABILIZE,38.7854700088501,28.993419233534258,-24.096875466544244,63.35603318509293,44.35759875018791,8.557671533655872,-10.0,40.0,0.0,2.8488936740402977,0.5125150904812485,38.52173757921124,-1.0423178703635443,-1.5673210483529108,7.343945909322722,0.391223793964867,-29.4341794002571,50.6743223859433,55.70521933201966,11.742448061704636,14.368638396263123,22.389689087867737,11.198492752582698,11.555176580270526,0
STABILIZE,38.82489728927612,25.368978782086952,-24.077955030233444,63.04534970104585,45.39563057117264,9.01837937105928,-10.0,40.0,0.0,2.607610197977016,0.5181569334573848,38.36304837912975,-1.1521779114401038,-1.6209465368868734,7.7252454279415765,0.3891364410030965,-28.75648402219554,50.86937807352804,56.206074018263834,3.0956005677580833,15.360219776630402,11.426421999931335,11.832239361173817,12.450610111590965,0
STABILIZE,38.8551607131958,33.04813457826104,-24.048380449630077,62.7890843254445,46.406044833222886,9.445098091326312,-10.0,40.0,0.0,1.6475159061142994,0.34135495215109246,37.96883718099329,-1.0842924519496695,-1.582072051278797,8.491493956567801,0.3871318217286464,-28.56356614396714,50.901461402932526,56.49678659101454,4.483915865421295,17.625874280929565,12.931251525878906,12.023207931198787,11.15729586300248,0
STABILIZE,38.88434362411499,34.27390991697718,-24.005613543401406,62.57444783905038,47.390539960999725,9.833989110117727,-10.0,40.0,0.0,1.0405850830235548,0.31223307992299437,37.722072691564485,-1.1378932736126148,-1.5626378987431562,8.558445882625394,0.3851634516297435,-28.246179676751126,51.35072253622998,57.152755448219864,6.311255693435669,17.991605401039124,15.129220485687256,12.447479787746746,9.584988877386484,0
STABILIZE,38.91817927360535,29.56066756878665,-23.93692912565051,62.391313775180336,48.341334467729745,10.162819380433824,-10.0,40.0,0.0,0.5468985295673572,0.3254021915708814,37.47639420221371,-1.2467581702741888,-1.5438042020097749,8.042698528659932,0.3832519489043962,-27.265308569075934,51.86418692595734,57.81391935255411,6.418945640325546,17.691288888454437,15.472206473350525,12.95835712918591,5.856810373657772,0
STABILIZE,38.95459246635437,27.466710323826987,-23.8006218620059,62.22986649347329,49.34636543234163,10.56925038345173,-10.0,40.0,0.0,0.2632961085411753,0.34477959832876626,37.222492165102246,-1.310956381392442,-1.4321393408449015,8.57777326490203,0.3812355199672398,-26.309582792290197,52.1718443600996,58.534003699252814,5.812687054276466,17.12387055158615,13.837026059627533,13.329045503578131,8.616033482292734,0
STABILIZE,38.98861479759216,29.398846280551485,-23.635607683039066,62.12191804207641,50.34952442955481,11.000971683185911,-10.0,40.0,0.0,0.029021153618266834,0.3841821859182029,36.96117254255214,-1.3902664772973987,-1.364117313097215,9.154002747994586,0.3792328480811277,-25.607405899115292,53.08625476370085,58.909987078097544,5.812687054276466,17.12387055158615,13.837026059627533,13.724855088996627,8.616033482292734,0
STABILIZE,39.02078652381897,31.09079722767874,-23.476841384508727,62.02261129043129,51.267718266859816,11.41715224525855,-10.0,40.0,0.0,-0.1276773398048566,0.33863528288138445,36.72440403497365,-1.3845147586297144,-1.3588866156596935,9.42241974261897,0.3773982009072663,-25.607405899115292,53.08625476370085,58.909987078097544,6.766699254512787,17.06521511077881,12.579761445522308,13.724855088996627,9.892835748562714,0
STABILIZE,39.063435554504395,23.451124666625663,-23.383024599547923,61.92328753122114,52.06294641406191,11.800569891463411,-10.0,40.0,0.0,-0.10433177990217946,0.40977898684348685,36.479142187162246,-1.3781176308558487,-1.5532055318281675,8.887538679512248,0.37578574113236074,-25.05912529134163,53.544370241463795,59.360132455243146,2.6202229782938957,15.366391837596893,8.74408408999443,13.9944399822872,9.1107116404782,0
STABILIZE,39.08947968482971,38.40550860261329,-23.18917880245429,61.852032385029865,52.91673865198863,12.243995536502881,-10.0,40.0,0.0,-0.15755952414536817,0.33274672600190786,36.24004800017136,-1.4180636267788573,-1.1879714241833879,10.0,0.37411084984358906,-24.80796708737435,53.75813510391726,59.59608032620116,7.315061986446381,15.505826473236084,9.146897494792938,14.112552235589714,11.27152480045542,0
STABILIZE,39.130876302719116,24.16115485866691,-23.12033150599546,61.76693373576991,53.58444486500309,12.568746030792576,-10.0,40.0,0.0,-0.22335865844278846,0.26333041956958403,36.05577632655359,-1.3614438600729382,-1.5881588221596008,9.110788253735988,0.3727424138727667,-24.5339850304197,54.0351602543907,59.81358242112242,3.979802131652832,14.969199895858765,11.8616484105587,14.252414319705958,9.794584331125726,0
STABILIZE,39.165167808532715,29.167621696801113,-22.809002164493975,61.816889632067024,54.59858544744937,13.037555441591913,-10.0,40.0,0.0,-0.1704845899325595,0.18280403671986753,35.85413206678189,-1.702792511513513,-1.1078325323734275,10.0,0.3707293161495384,-23.65142061576042,55.35060842013455,61.66590765818548,9.720584750175476,16.55094474554062,11.258070170879364,14.98700064301315,9.217770586849918,0
STABILIZE,39.190964698791504,38.775471715556215,-22.55808054534427,61.88102869513995,55.437795961007346,13.425806901728173,-10.0,40.0,0.0,-0.3354907278205341,0.12992628631078906,35.65186625979572,-1.7724610483964787,-1.0896767309023239,10.0,0.36906643603051403,-23.226876764128512,56.15504072248531,62.362254396125095,9.720584750175476,16.55094474554062,11.258070170879364,15.150461884841523,9.217770586849918,0
STABILIZE,39.223618268966675,30.630337464307363,-22.487808804955993,61.88969519921039,55.96461855261967,13.671632440559984,-10.0,40.0,0.0,-0.4352806987289195,0.1003672286149573,35.518284835103195,-1.5090762814707497,-1.5641125246202718,9.71290395958307,0.3679978716605061,-23.28456048725272,55.90248900055943,61.239196714974746,2.7509724721312523,15.446862578392029,6.820239871740341,15.306209675906398,5.2043091687549365,0
STABILIZE,39.277761459350586,18.471576796378177,-22.373990496449554,61.93816505522951,56.62732370191267,13.971445368102483,-10.0,40.0,0.0,-0.6317708870807587,0.1010656154575911,35.38976116549106,-1.5456866453177542,-1.5781220265591482,9.48292282367413,0.36662188535575835,-23.107742987405437,56.139566696786915,61.44335423209004,1.7570044845342636,15.318526327610016,8.639414608478546,15.430082188128793,5.463209623678385,0
STABILIZE,39.291096687316895,75.04301152222143,-22.211677006853627,62.043679056865905,57.57633605942191,14.426531069895601,-10.0,40.0,0.0,-0.6217952357153964,0.1945772818169861,35.379044598683315,-2.1647775709927215,-1.0062782493852003,10.0,0.36481671222936113,-22.283076813958534,57.17282250910554,63.20219555661166,2.76520736515522,15.561789274215698,3.748546913266182,15.858100799145031,3.447843634529294,0
STABILIZE,39.324458599090576,29.982872256773177,-22.21804238284501,62.03973472755765,57.83066998009302,14.49409074880719,-10.0,40.0,0.0,-0.955569291537583,0.25511375535891156,35.19932524614735,-1.4393843217094915,-1.719098125351346,9.10158398984518,0.36426150898359255,-22.293280432897106,57.51138186208817,62.49658115115227,2.403402328491211,14.339233934879303,7.579424232244492,16.030514367550538,1.8185301825530786,0
STABILIZE,39.35835814476013,29.504730685087615,-22.075032394450748,62.14538706074415,58.43284497930155,14.736670253510864,-10.0,40.0,0.0,-0.9239685675688727,0.342723684708166,35.10787584335005,-1.7248744426968825,-1.470530360734654,10.0,0.3630549413088313,-21.925896030662873,57.95954174372447,62.85887777189437,1.4546643942594528,13.241399824619293,6.4484670758247375,16.17176835983728,2.416703849354221,0
STABILIZE,39.39733362197876,25.660140955364135,-21.90774358315491,62.31002938898429,59.12229048686907,14.940788654340396,-10.0,40.0,0.0,-0.924678480355731,0.530423312876493,35.05498968860664,-1.806810966733186,-1.4792762574737632,10.0,0.36166311656497957,-21.69534096094864,59.55117627509109,64.54749978219769,3.213788941502571,12.621106207370758,8.930737525224686,16.5281852768115,-0.21987424810987705,0
STABILIZE,39.424835205078125,36.37636488209327,-21.757389890465983,62.47281835508077,59.74360183256891,15.26541336629119,-10.0,40.0,0.0,-0.8664524517026945,0.556752838353246,34.97053439951944,-1.9436030776148525,-1.4287277265870921,10.0,0.3604472244363626,-21.184760756310638,59.97743210100296,64.7938124136259,1.480783149600029,11.82997077703476,7.2841577231884,16.60155017973976,5.708877867745404,0
STABILIZE,39.46470046043396,25.088401193915576,-21.671829280815135,62.603265670873405,60.27051409311022,15.459426879484674,-10.0,40.0,0.0,-0.78310994984167,0.6101079816327113,34.912204584007526,-1.7218333411820503,-1.6097800753021394,10.0,0.35936284544328834,-20.751121922159882,60.24179094739802,64.99856878053185,-1.1867079883813858,11.353928595781326,8.551766723394394,16.813788710364705,3.198033734504309,0
STABILIZE,39.493091344833374,35.23085710445856,-21.544536104831845,62.7717919774933,60.89099306110859,15.688431288567429,-10.0,40.0,0.0,-0.7322887533834266,0.5754876737206207,34.882961129076115,-1.9421102409025455,-1.4986185380059625,10.0,0.3581488795909319,-20.577360783796806,60.51059263670972,65.15201095314215,-1.1652078479528427,10.581454634666443,8.431926369667053,16.874873765274053,2.8275608588282326,0
STABILIZE,39.52635955810547,30.062816267435025,-21.446807676944406,62.939444449282874,61.44055409115627,15.862409944457868,-10.0,40.0,0.0,-0.6585555806326695,0.4903731112959481,34.86860748653533,-1.866204162334528,-1.5882644371362276,10.0,0.3570370098292487,-20.223881318638995,61.63871946768628,66.90404868908229,-0.9246153756976128,10.340221226215363,7.631026953458786,17.142165011935546,2.165000065938438,0
STABILIZE,39.567110538482666,24.543163931068786,-21.347730255580974,63.14685041821262,62.012707333275145,16.059773995695654,-10.0,40.0,0.0,-0.5379109077541195,0.38447156182342934,34.85511103273539,-1.874588622954002,-1.6253100455624647,10.0,0.355874061060966,-19.929083313656918,61.971513353426815,67.16170898536461,-3.1829435378313065,10.264771431684494,4.880062863230705,17.363964496782284,1.6141589697552496,0
STABILIZE,39.59420967102051,36.91389143138773,-21.247251141077744,63.37821167606864,62.566696557471914,16.29667042793616,-10.0,40.0,0.0,-0.43881537498525397,0.1094542283465973,34.81416746375575,-2.123035674264819,-1.607472536285382,10.0,0.35479850154271503,-20.178565680840382,61.76856420083007,66.03746122121589,-4.2854007333517075,9.589972347021103,1.4457331970334053,17.21914039877865,2.286086299874659,0
STABILIZE,39.62819981575012,29.427929950606195,-21.249198604145636,63.50215817628196,62.910184616651165,16.438291805729314,-10.0,40.0,0.0,-0.458346514360317,-0.2710049908757396,34.80289423653064,-1.751599153755128,-1.7784228562649893,10.0,0.35409416791061216,-20.178565680840382,61.76856420083007,66.03746122121589,-5.883267521858215,9.098788350820541,3.6889374256134033,17.21914039877865,2.575489312414327,0
STABILIZE,39.660869121551514,30.61379345580883,-21.119989224981133,63.730822652191264,63.258659797318494,16.563716402444665,-10.0,40.0,0.0,-0.41309117502369347,-0.5574257720690509,34.84622837171979,-2.055500431131257,-1.56956497609277,10.0,0.3533998263148831,-20.21134888643177,62.63610003765128,66.31986850703848,1.5141019597649574,10.871405154466629,-2.089586853981018,17.253749465865745,-0.5469801183114271,0
STABILIZE,39.695072889328,29.2430679988008,-21.022431135789827,63.94734275801484,63.68861451768805,16.61568587982796,-10.0,40.0,0.0,-0.4327726319213496,-0.8133187559627257,34.8740818831551,-2.01146707186606,-1.6290712138560774,10.0,0.35253590805588475,-20.352445482343327,63.05521354151304,66.56949033618508,0.5716790910810232,9.924831241369247,5.460420250892639,17.3705401184263,-4.295149091636886,0
STABILIZE,39.72796702384949,30.409813958209476,-20.92904330571719,64.25774529494834,64.18904307088233,16.73858392853908,-10.0,40.0,0.0,-0.3635153141502137,-0.9995005346705761,34.97906530579278,-2.2216718539671736,-1.6917701421636537,10.0,0.3515370435454547,-20.459297286732838,65.31660983553812,68.37118680036221,0.8010497316718102,9.921568632125854,5.399866029620171,17.639597203797102,-0.386073881514032,0
STABILIZE,39.76206636428833,29.3310023147015,-20.9079842648973,64.47584024423804,64.64004502867603,16.76554303298263,-10.0,40.0,0.0,-0.37786228658438414,-1.1324115336073814,35.09909222007742,-2.0077854374409685,-1.7881786766601628,10.0,0.35063199414043844,-19.849593134598955,63.51657028677951,67.3785873877907,-5.309252068400383,9.830379486083984,7.459793239831924,17.403633912629715,-4.751036044204911,0
STABILIZE,39.79897093772888,27.101990178340657,-20.89442376100212,64.73359428322237,65.08476553295488,16.83166899441513,-10.0,40.0,0.0,-0.26105479263720616,-1.19044562327257,35.194561189201266,-2.0551812497917847,-1.822916776703036,10.0,0.34973432798195203,-20.363652728534277,64.57482781843458,67.54541170474974,-4.051858186721802,9.607788175344467,7.359227538108826,17.484086113923542,-2.225943282581523,0
STABILIZE,39.829669713974,32.58066119811086,-20.870243191045127,64.99406232956039,65.55799701689838,16.875924118068355,-10.0,40.0,0.0,-0.28498708179784327,-1.1814597623674776,35.239001815035955,-2.176737552481257,-1.828908625866959,10.0,0.3488036577565491,-19.842697418073797,64.84484046948229,68.80491588531773,-4.335077479481697,9.568911790847778,7.05607682466507,17.607677971792047,-3.4196804167038044,0
STABILIZE,39.8649115562439,28.38073714196783,-20.85309302578253,65.18881732247253,65.94454247387762,16.925937117775746,-10.0,40.0,0.0,-0.16518297575445443,-0.9964655828015633,35.539359383787264,-1.9977580097399024,-1.7977504392401702,10.0,0.34801764283317005,-19.74952180546196,64.46345369598401,68.01626536005355,-4.044997692108154,8.720292896032333,8.19181427359581,17.295517226312132,-0.9764131078937578,0
STABILIZE,39.89962196350098,28.815741020638104,-20.876025258414725,65.40196662433748,66.31884574563271,17.004653747628222,-10.0,40.0,0.0,-0.1634847132503542,-0.8475189005191547,35.7261923783438,-2.027011884040966,-1.8965779670557268,10.0,0.34727038909186403,-19.74952180546196,64.46345369598401,68.01626536005355,-6.989538669586182,9.073077887296677,6.36468306183815,17.295517226312132,0.1662874653680131,0
STABILIZE,39.94166922569275,23.78788686543293,-20.83891563670652,65.7038557124337,66.73042485860842,17.036799198797695,-10.0,40.0,0.0,-0.16771484150241353,-0.7325012896604903,35.87066453966791,-2.148001899570767,-1.8184381030423502,10.0,0.3464276895945559,-20.263250041572988,66.78859691169953,68.94197676278594,-0.8600242435932159,10.052981227636337,9.297139197587967,17.049770008013837,-1.4187392534732512,0
STABILIZE,39.966206073760986,40.7629525244181,-20.80168994571753,66.08222092030059,67.29521793282524,17.016989225099707,-10.0,40.0,0.0,-0.09125730372689411,-0.685640749147208,36.07134574276664,-2.6952548518679382,-1.9361079334457758,10.0,0.34534325892194023,-20.28657717726969,66.93014281899792,69.0575412810247,-1.9139347597956657,9.913390129804611,11.417801678180695,17.000679699747103,-5.264806288667855,0
STABILIZE,39.99702215194702,32.4568704682458,-20.812725895402636,66.31121687570418,67.65616209216918,16.92761957703137,-10.0,40.0,0.0,-0.094364266066883,-0.6891739312996615,36.28089253140804,-2.181446819202782,-1.9125425457304746,9.579427765847413,0.34460386439110946,-20.298898815916356,67.09415102004921,69.14854301004885,-2.696787007153034,9.912322461605072,12.85656988620758,16.94033429740994,-6.297499301548871,0
STABILIZE,40.031888246536255,28.68998727717964,-20.887589565955633,66.51965362479494,68.06202879552936,16.838934249298088,-10.0,40.0,0.0,-0.23471320760769998,-0.7963881577532921,36.4760105454278,-2.0738639629809574,-2.014148793648488,9.594153471018412,0.3437811109961968,-20.38934983709442,65.75291738351703,68.8580090678323,-7.660537213087082,9.00711789727211,12.818315625190735,16.713129867754034,-6.492544744808694,0
STABILIZE,40.06873273849487,27.143733578390133,-20.96190601717644,66.76227867419358,68.40425143398826,16.702002248893763,-10.0,40.0,0.0,-0.25370262760421636,-0.7299735860590567,36.65887178498196,-2.1338035597875806,-2.022929705259916,9.280005108621479,0.34309039860539325,-20.248710352896993,65.67594028466857,68.40513747360953,-8.124839514493942,9.912901371717453,7.93985053896904,16.32553138165304,-8.557331421471059,0
STABILIZE,40.09879970550537,33.267005076142134,-21.00118740833618,67.05779201853706,68.82307449137332,16.60325017248179,-10.0,40.0,0.0,-0.22058389409247078,-0.7523708435645863,36.906582255610815,-2.3896282921726373,-2.049265859169792,9.288980073669757,0.342273057862017,-20.28903219912859,66.86276839830069,69.66758777091658,-5.37136048078537,9.586000442504883,8.962489664554596,16.32208498883802,-6.046967109019158,0
STABILIZE,40.13795471191406,25.543251077927454,-21.03360230692207,67.3380683908392,69.2043566475747,16.504175996050293,-10.0,40.0,0.0,-0.3752174025500025,-0.7373561134173413,37.16735204793273,-2.234150527552114,-1.9630154249548344,9.405531693864328,0.3414809168912507,-19.984497986311112,68.15510101634572,71.24475214445047,-5.37136048078537,9.586000442504883,8.962489664554596,16.446604225144565,-6.046967109019158,0
STABILIZE,40.16730356216431,34.07952938882298,-21.096063537779226,67.63708743159408,69.72804044596523,16.420723928750306,-10.0,40.0,0.0,-0.3010360519958163,-0.7279142840242978,37.35282924993901,-2.4313007339970127,-2.119875302513294,9.28089769613314,0.34046246922714507,-19.984497986311112,68.15510101634572,71.24475214445047,-7.364717870950699,9.132729470729828,13.937601447105408,16.446604225144565,-5.146205176372461,0
STABILIZE,40.20068335533142,29.96316669286051,-21.12226477767106,67.95729554618929,70.13609156444691,16.32325386426574,-10.0,40.0,0.0,-0.3031678180688007,-0.7583647080872427,37.55327139641679,-2.4419549782149885,-2.021558020114411,9.21214424172698,0.33963381790973457,-20.16564241790472,69.9051434739666,71.98865962166386,-4.3363165110349655,9.459957480430603,11.823984980583191,16.231637901735603,-5.404637336450941,0
STABILIZE,40.23357319831848,30.410254923001073,-21.144019558025903,68.26942736094435,70.56720171327443,16.237924313088335,-10.0,40.0,0.0,-0.4848306262278943,-0.856259088057538,37.691111444056816,-2.4649515332320036,-2.01720039224808,9.224501110262846,0.33877264641820215,-19.939941736985514,69.29992597485773,72.02519580787556,-4.534868150949478,9.336434304714203,11.4869125187397,16.141398546671198,-4.407646576135227,0
STABILIZE,40.26863694190979,28.524918389553864,-21.18741457046601,68.56076181921908,71.03912474088095,16.182178633236706,-10.0,40.0,0.0,-0.4886881890050706,-0.7720572630215613,37.86975845689309,-2.403107593655065,-2.042690792838587,9.391341697094642,0.33782211393456163,-19.613317062132914,69.14162769598262,72.61675592140459,-6.83705061674118,8.748114854097366,12.968708574771881,15.722308641038207,-1.413451406395192,0
STABILIZE,40.3019642829895,30.011405510994084,-21.28793614929892,68.8026066595811,71.41564393472154,16.040053543830116,-10.0,40.0,0.0,-0.44954939079189926,-0.8178637666076931,38.07622141512423,-2.3260523374067814,-2.153737716188891,8.765724893299371,0.3370741077335389,-20.171866771429848,68.28097692935657,71.4136706031249,-8.996760100126266,8.304861187934875,10.180651396512985,15.514815691073775,-6.139254917537078,0
STABILIZE,40.334784507751465,30.475437589461524,-21.289116805795064,68.99828392107959,71.79325307913433,15.949511238241694,-10.0,40.0,0.0,-0.4139798466677356,-0.7550786400445261,38.25356386182903,-2.318681543899525,-1.929006751658543,9.01697196796359,0.33631941144339195,-20.022055153997467,67.51883076521808,71.41450225690951,-2.6316100731492043,8.846306055784225,13.244937360286713,15.370128604735466,-2.782933043121604,0
STABILIZE,40.36730647087097,30.75431328410849,-21.297538195570564,69.2553994664128,72.2039370014753,15.804248674953724,-10.0,40.0,0.0,-0.2375342358174739,-0.6769935162145603,38.45284829124249,-2.4564608845803613,-1.9779082724984778,8.594120749834385,0.33549768031460725,-20.045492637450103,69.40982082935176,72.23356795424108,-3.0537469312548637,8.166288584470749,14.142459630966187,15.14807354735419,-5.690007335729128,0
STABILIZE,40.40181255340576,28.98600562539305,-21.3156057467147,69.54099109175804,72.61841891753889,15.657103626985888,-10.0,40.0,0.0,-0.16085242237725478,-0.6618630997382482,38.617534397415255,-2.502736205186782,-2.004422085062348,8.542198443375895,0.33466283689277704,-20.250367856770843,70.20879742880837,72.53919446076807,-3.0537469312548637,8.166288584470749,14.142459630966187,15.064267413933074,-5.690007335729128,0
STABILIZE,40.43594145774841,29.30538553981163,-21.367740415219096,69.80853056330432,73.00909897947847,15.508019400128488,-10.0,40.0,0.0,-0.17755362228011112,-0.707335084137608,38.77423942754285,-2.48042429701146,-2.068268184421159,8.432102858559873,0.3338820252971355,-20.213713014265686,69.96292807998674,72.8924414095237,-5.401001125574112,7.829435169696808,11.537839472293854,14.907457507664478,-5.36431104581754,0
STABILIZE,40.477890491485596,23.84265217490166,-21.38222009950825,70.06255404674319,73.44565403633054,15.430661876810033,-10.0,40.0,0.0,-0.1929952392504819,-0.6881566600001527,38.93573242027864,-2.41362607174185,-1.9617215835755883,8.88872739709429,0.3329857373341078,-20.21109907477009,70.01758275035296,73.14620665347218,-2.808813564479351,7.5424350798130035,15.058648586273193,14.840749172706786,-0.9924700288588115,0
STABILIZE,40.51045370101929,30.716925307769486,-21.41438665680507,70.38402477898374,73.9808339380921,15.332873549940299,-10.0,40.0,0.0,-0.21436964924737567,-0.6755956753122349,39.05853922155546,-2.6659900773315792,-2.075669222298029,8.599680283893672,0.3319418796793005,-20.414557543150558,70.48237357239353,73.71163046916541,-2.808813564479351,7.5424350798130035,15.058648586273193,14.618439663275048,-0.9924700288588115,0
STABILIZE,40.5450599193573,28.90072212116201,-21.377891092578064,70.77941589967534,74.50922662322907,15.250065776473086,-10.0,40.0,0.0,-0.3524867997964645,-0.6625105803272242,39.212006742016484,-2.8350509961823884,-1.9658109090207194,8.671227015189562,0.3308784593229542,-21.156467326596236,73.82608185361715,75.75795286705974,2.9026372358202934,8.583968132734299,17.24195033311844,14.634071618078597,-1.4711591410841007,0
STABILIZE,40.57795715332031,30.404082579447923,-21.450563684337546,71.13781624562591,74.94689783116469,15.149371829004092,-10.0,40.0,0.0,-0.4806369967992123,-0.6534176241903803,39.34739133664989,-2.768602525678118,-2.185328431549566,8.47876080411436,0.3300073709465631,-20.56308527197676,73.58676929519342,76.16642251278236,-5.970346182584763,7.414385676383972,10.94505563378334,14.605245697938672,-2.5859241339188137,0
STABILIZE,40.61150932312012,29.809839234694604,-21.49587798976276,71.35600864235361,75.4136980626045,14.994291880260848,-10.0,40.0,0.0,-0.5117564592357011,-0.541374293910992,39.51537300909718,-2.531101525295439,-2.055262173195997,8.072164279805666,0.3290713921466859,-20.428342021970963,70.85289034540358,75.25431331963556,-4.582137614488602,7.1738094091415405,16.78677350282669,14.135552095372915,-4.798833281129837,0
STABILIZE,40.645283699035645,29.612844010788066,-21.511162718578298,71.60627127729155,75.88844509000671,14.834189087891362,-10.0,40.0,0.0,-0.7476572126244841,-0.5699746972042155,39.624925828289605,-2.6284543854410334,-2.0091311350831864,7.952220002408955,0.3281206103081461,-20.322922116469343,71.7625669229291,75.9670452080052,-2.882568910717964,7.171041518449783,16.07576012611389,14.087108843728092,-5.168835727526829,0
STABILIZE,40.67890906333923,29.746414944468874,-21.648780476492163,71.84683015997963,76.32868203797547,14.72277469486296,-10.0,40.0,0.0,-0.944959659879026,-0.5348689656133779,39.69103181417157,-2.567264531138349,-2.2641552512366943,8.16941106699901,0.32724021586206575,-20.311923374202188,72.58782837047193,76.20768209290316,-10.968674719333649,4.99468669295311,14.470458030700684,14.026330566046227,-2.311485425520409,0
GUIDED_NOGPS,40.71260142326355,29.685360813067973,-21.78636339035099,71.98351364618277,76.72282721341496,14.601486332795215,-10.0,40.0,0.0,-1.2010887655467422,-0.6948222842998505,39.73088938307318,-2.383574206891704,-2.220717640317452,8.042416169713087,0.3264507308014748,-20.318492348720575,70.56780941810345,75.66732462636446,-10.968674719333649,4.99468669295311,14.470458030700684,13.702323448231605,-2.311485425520409,0
GUIDED_NOGPS,41.08477735519409,2.686947787048236,-21.8122231124229,72.03661725522284,77.50432486503202,14.583159534304952,-20.788744390210425,74.04923654520562,80.55543145846971,-3.30145069594453,-2.9604569167262285,39.840708579643234,3.3845876108236874,2.8772689090531767,8.740045083715195,0.5061476250857898,-21.42994352471853,73.89693613308752,84.68271781507858,-0.49350191839039326,-9.256576746702194,13.933102786540985,14.070660229888645,2.598170449657235,0
GUIDED_NOGPS,41.116130113601685,31.90021447802741,-22.535128556465935,74.41445196946745,82.91418636869824,13.915955863905461,-20.788593919355034,74.04876165975435,80.55519038266166,-3.2970516272322183,-2.9452337057267393,39.78915772688256,-3.4574448736101546,-2.6779089311923423,4.104086802566731,0.4953244540840332,-21.937708129320484,75.0395253318224,84.88099762454172,-0.49350191839039326,-9.256576746702194,13.933102786540985,14.130906937773892,2.598170449657235,0
GUIDED_NOGPS,41.14983606338501,29.675069512738695,-22.52103865888666,74.42109464298974,83.46991457346606,13.985511180100492,-20.787560979563693,74.0455017056744,80.5535223064647,-3.2097637306301596,-2.8438529944328286,39.75696704532429,-0.014189976554060263,-0.13666661818023326,8.804882184298005,0.49420573768042664,-23.087525548277018,76.66485115710962,85.10612915753231,4.500759020447731,-13.273188471794128,10.770130902528763,14.203343837975066,1.852165662564218,0
GUIDED_NOGPS,41.18256378173828,30.55959198542805,-22.439076742037077,74.33814313094503,84.06555333816821,14.035374869452738,-20.78481845545276,74.03684630993912,80.54905337386043,-2.8867252380793524,-2.627343895149652,39.69166702176438,0.11674283506643678,0.04983817693993384,8.725701547218321,0.4930009151495776,-22.96568960585401,76.74166031146642,85.47905365095093,6.721283495426178,-15.62962532043457,13.700276613235474,14.258413687911178,0.8850302994408648,0
GUIDED_NOGPS,41.22634148597717,22.846410693567627,-22.339501845025875,74.18608039279196,84.56825149467205,14.08273874418936,-20.779598352710163,74.0203716854004,80.54046698654238,-2.2545758624690397,-2.15504719965726,39.62647969632578,0.18124002398948263,0.05581932952551748,8.666016188540683,0.49197129262986894,-22.96568960585401,76.74166031146642,85.47905365095093,7.3319412767887115,-17.559628188610077,12.597702443599701,14.258413687911178,1.0654053501371465,0
GUIDED_NOGPS,41.258437156677246,31.166110611611025,-22.034738994310302,73.47520974708256,84.99733617103058,14.138497164700036,-20.771190407011364,73.99383624053274,80.52650301415441,-1.5244566012815912,-1.5246496608473499,39.577063277680736,1.2524768673006843,0.8644669853132545,8.830645171628586,0.49107945713440154,-21.219046029856184,72.17097887937915,84.95242402824037,8.257544040679932,-19.746074080467224,8.008363097906113,14.051690393806402,2.321417374347254,0
GUIDED_NOGPS,41.291749715805054,30.024510365364794,-21.698228124330512,72.99229715613015,85.49634523222633,14.239537469965342,-20.75894069293532,73.9551761891773,80.50595700452924,-1.106627676212289,-1.008802932155016,39.52844599116859,0.7644738078437457,0.8097349569960237,9.150750759107154,0.49003370176229627,-20.60168533458935,73.08351546377367,87.79367687214209,10.124631226062775,-19.54742968082428,8.345194905996323,14.354768686716982,3.713044512075257,0
GUIDED_NOGPS,41.32581686973572,29.35728034380665,-21.238569189494484,72.56409721487594,86.0234175619216,14.36354258522666,-20.742250232880448,73.90250116028585,80.4776793939268,-0.9563110073927641,-0.8813184117920801,39.5089697067503,0.5765972422344665,1.0391951478360102,9.345040829693964,0.48891543346297567,-20.348655613753554,73.32861521520535,88.4809894656735,16.846613585948944,-18.7105730175972,8.734095096588135,14.420287277594905,4.857063632011958,0
GUIDED_NOGPS,41.36060643196106,28.74937625092534,-20.9177153469321,71.76888084543917,86.34216866078236,14.364512108960003,-20.720573605980587,73.83408980766495,80.44057471727282,-0.46115905819448133,-0.25393536096409924,39.439762814985144,1.32113890813905,0.9408157800836692,8.624280072382788,0.48819550811895346,-20.60181086881721,68.53977352263495,86.32135357244812,11.594010144472122,-19.083599746227264,8.652791380882263,14.224938088880048,-0.3379808120206797,0
GUIDED_NOGPS,41.39595580101013,28.293437126879514,-20.70375658173631,71.23546211447942,86.61818219358997,14.431544138648642,-20.69341755702097,73.74838541971984,80.39360081839719,-0.25344895010957386,0.23268274711392856,39.39446841550421,0.8884346253733817,0.6090244720563281,9.038083768564055,0.48754072959885375,-21.169471512562318,71.1809079867001,86.70758708064747,9.263336658477783,-19.32348906993866,6.628377735614777,14.273989145385649,2.977649143197385,0
GUIDED_NOGPS,41.42728066444397,31.930570886972145,-20.594734318121507,70.59889109212385,86.69558409496,14.464885719761677,-20.66033960535417,73.64399152919856,80.33576806027241,-0.18179207482522136,0.5207392252113257,39.36375305480666,1.2594151333913794,0.5077835200534968,8.894299160175006,0.4872623836560509,-22.239730334266795,68.9104500413238,84.85301612421668,8.634062856435776,-19.079944491386414,5.219189450144768,14.144528511485966,2.0202879942197316,0
GUIDED_NOGPS,41.45988702774048,30.673570279362295,-20.554656431456525,69.9075929955103,86.71815515917126,14.50493808217202,-20.620946653816077,73.51966752293593,80.26613853525213,-0.13271775260806154,0.6422212899542898,39.31229782469437,1.343646635595147,0.3547669479746626,8.945960815350036,0.48706947480117213,-22.358960579457317,67.37303203882472,85.02297755403823,5.888055637478828,-20.24543285369873,2.6305563747882843,14.308600571237877,1.9681702357579494,0
GUIDED_NOGPS,41.49361205101013,29.656185701861684,-20.488181190359285,69.20905143077141,86.72282642143895,14.527934886527706,-20.57489359764185,73.37432425159764,80.18382527530952,-0.025455047819579708,0.7833283024516988,39.31175482465535,1.3239022886349527,0.39445450661182824,8.853266601274008,0.48688669286974123,-22.405066235870983,67.04454902482274,85.06108646408434,6.616666913032532,-20.03307342529297,0.25509283877909184,14.354041925559196,0.7570701204352608,0
GUIDED_NOGPS,41.52782416343689,29.238175569698786,-20.46985315929156,68.504164139439,86.69784496569616,14.615417977506803,-20.521881933381895,73.20701963942423,80.08799146227578,0.29961801401067173,1.0138088204864009,39.36550158323418,1.3482464309273754,0.2825143923781943,9.281066161198593,0.4867359497331972,-22.790780869437043,66.38093510938599,84.96979276770848,4.925374686717987,-19.69320774078369,-1.2551910243928432,14.436520997003985,4.084733161423595,0
GUIDED_NOGPS,41.562366008758545,28.95518967243105,-20.402238312914083,67.80182475622797,86.61362273540364,14.601550536902097,-20.461658367817815,73.01695429397516,79.97784963807858,0.42065395534304295,0.908323272223018,39.33169214684261,1.3347940558926938,0.368678945779213,8.678275410107606,0.4866752040025553,-22.65795457405155,65.85194781381374,85.02477833245217,7.421652227640152,-20.147602260112762,-4.636503756046295,14.486443445313496,-1.6275960862867804,0
GUIDED_NOGPS,41.59471297264099,30.95153196764862,-20.410405587065803,67.13068094830467,86.55840645495887,14.631356554753546,-20.394013426878377,72.80346711587283,79.8526609149805,0.801808019581403,0.9426121025169515,39.35455962018382,1.319860185927978,0.1774943458051619,8.95819421480068,0.4865263452469347,-22.65795457405155,65.85194781381374,85.02477833245217,2.9502728953957558,-21.116814017295837,-2.577955089509487,14.486443445313496,0.9910980146092853,0
GUIDED_NOGPS,41.64297842979431,20.708930757988703,-20.398608654995336,66.48480493169956,86.55939064734856,14.625688263411144,-20.31878006455548,72.56603090854661,79.71173418581753,1.1327721462512168,0.8404359943498515,39.39413373623487,1.2461374598059727,0.18005511592055118,8.741520990990455,0.4862333614660116,-22.75815025284067,65.10807648743233,85.0587355978428,4.70149964094162,-19.673290848731995,0.8870379999279976,14.500259486700271,-0.9256349202829443,0
GUIDED_NOGPS,41.66434717178345,46.81560853647647,-20.455573109429903,65.784150518299,86.48562208253304,14.605884413283873,-20.235832271820097,72.30424798797688,79.55442533423746,1.3340554732139656,0.648290446640375,39.41791645492486,1.3464073946788653,0.03828790818381822,8.649406749278706,0.48605665876192583,-23.221242780363355,63.56787056883724,84.84073713105823,1.9273743033409119,-19.650936126708984,-2.667197398841381,14.621558380162824,-2.0887606406491095,0
GUIDED_NOGPS,41.696452379226685,31.1536101847244,-20.557088854946716,65.09664780861489,86.39281705796725,14.62625824626637,-20.14508368553828,72.01784579243905,79.38013644493842,1.5549075055922121,0.5119008537036234,39.49774429084938,1.3711767685672431,-0.09778894852333703,8.897851347442378,0.4858843295650325,-23.19733030019367,63.02856909099854,84.76278172528939,-1.2117637321352959,-18.49578022956848,-3.6792203783988953,14.67204199607395,0.1103186541531072,0
GUIDED_NOGPS,41.7297477722168,30.038917416868987,-20.69253492260335,64.47831383098878,86.2245910646542,14.655364912761332,-20.046486197387075,71.70667249224763,79.18831501390723,1.7178687755561348,0.46282674492987513,39.61632662012456,1.2388146859729632,-0.24021866221379423,8.966320133319607,0.4858276735879175,-23.19733030019367,63.02856909099854,84.76278172528939,-3.220852091908455,-17.71359145641327,-7.808446884155273,14.67204199607395,0.8055473880694264,0
GUIDED_NOGPS,41.768620014190674,25.729085131703247,-20.898763370359806,63.883009789070655,86.01256314234182,14.599753233676624,-19.94002856277052,71.37069259950023,78.97845315865798,1.7480765678209855,0.2321345443917557,39.712553740246285,1.131202448608723,-0.37928615491655476,8.47257596950389,0.4858211122619022,-23.4043535250375,62.734258068057756,84.68774830985473,-7.272914797067642,-17.14921146631241,-10.323114693164825,14.645983385379257,-4.005803068488105,0
GUIDED_NOGPS,41.79701590538025,35.22819395099991,-21.13242372328445,63.22423023516865,85.79041780197116,14.542679718844463,-19.8257350097356,71.00998257782157,78.7500868284704,1.8731277265703987,0.25118276804815765,39.990805401748844,1.4692366312802176,-0.6233651928406998,8.325317422787643,0.4858006397838964,-24.071147206481562,61.49069076940322,84.40422191612993,-7.272914797067642,-17.14921146631241,-10.323114693164825,14.622695697821094,-4.005803068488105,0
GUIDED_NOGPS,41.835254192352295,26.154571417881595,-21.312294210242307,62.76468617184954,85.6469785033759,14.455148279426217,-19.70366384788818,70.62472645210761,78.50279501462835,1.8909651924747102,0.16261148957322397,40.13609377067878,0.8698503170245327,-0.49682819874199063,8.215188102104038,0.4855820094075687,-24.434383535169843,61.193836608723885,84.23969994865055,-2.1717287600040436,-12.76891827583313,-4.569170251488686,14.616055030461723,-5.650875901313656,0
GUIDED_NOGPS,41.8669490814209,31.561511893026722,-21.54933931591424,62.17957071253987,85.52528701786943,14.351515542975372,-19.573906077309026,70.21521141826946,78.23619896065823,2.0174856956693223,0.2440855878507062,40.534843629518704,1.1861025345475882,-0.7256565440333567,7.950145139220828,0.4852830546400887,-24.755757994026354,61.00712384865656,84.05235747501426,-6.4411550760269165,-11.441391706466675,-3.4307345747947693,14.603234531899716,-6.543983753221706,0
GUIDED_NOGPS,41.90119504928589,29.204991087344027,-21.786648762417716,61.76798415137871,85.3938163490567,14.215752851495802,-19.436583997469715,69.7818234529775,77.94996137256753,2.2593796198896743,0.4611016952776238,41.00302919146098,0.78492769224654,-0.8071933897372479,7.739432565078331,0.48496328714791115,-24.81845806295744,60.68909255586826,83.88892607146767,-5.924807116389275,-8.549020439386368,-3.3574864268302917,14.488498218034982,-8.214422627964215,0
GUIDED_NOGPS,41.93628454208374,28.50282017478288,-22.073730151601048,61.30163858267914,85.22639299323352,14.058578784686977,-19.291849816148623,69.32504292340539,77.64378562908318,2.3752879301047907,0.5505707167415911,41.48722130172319,0.8742119764342946,-0.9282822441302523,7.539038556774519,0.4846751426882044,-26.016359237892498,59.82792755241321,83.0943008834779,-5.924807116389275,-8.549020439386368,-3.3574864268302917,14.104335960772676,-8.214422627964215,0
GUIDED_NOGPS,41.97252345085144,27.601368781258227,-22.50243189042171,60.87158993316135,84.9648148865327,13.769053744026891,-19.139884258346893,68.8454401969741,77.31741499189009,2.4398370597428194,0.6670125287639089,41.833402609616115,0.8475269387957576,-1.3277308810619652,6.569303721172963,0.48453508979935733,-27.058561038192813,59.471380198959096,82.64381720058958,-12.366222590208054,-7.535581290721893,-8.046682924032211,13.977597578392848,-15.786361804103889,0
GUIDED_NOGPS,42.006295680999756,29.616398697933217,-22.902201724593883,60.507375100207796,84.75337250866748,13.435072753129267,-18.980895175204374,68.34367125109591,76.97063181586957,2.6028019582447386,0.7618121927099537,42.55343432172969,0.6680741381060481,-1.3204895851239704,6.206932832778307,0.48425319296209474,-27.231293920080983,58.941033181312825,82.25956951760577,-10.82707941532135,-5.0383806228637695,-4.2571209371089935,13.336725518563444,-17.0384089035008,0
GUIDED_NOGPS,42.04020953178406,29.4939420149217,-23.313296811276444,60.11429644575395,84.47431604842235,13.102389590173301,-18.815116152915607,67.82047328291854,76.60325675933777,2.581603398938546,0.6829481071494891,43.07806798206754,0.6855115342327909,-1.4806511706765308,5.898025909447574,0.4840658862841886,-26.681605841590635,58.781038893592466,82.40733420982325,-13.613574206829071,-4.338205233216286,-9.064913541078568,13.11914915749654,-15.841469477874844,0
GUIDED_NOGPS,42.08410334587097,22.78547137626441,-23.761307478579084,59.808768282671686,84.23067276684029,12.812283505368757,-18.64280512164578,67.27666031906907,76.21514799428417,2.5859747200073544,0.6468370570901903,43.58175345222096,0.5274585991131552,-1.3696920439901552,6.36364660730076,0.4837629019139988,-26.681605841590635,58.781038893592466,82.40733420982325,-16.83327555656433,-2.017698809504509,-7.352025806903839,13.11914915749654,-13.93593463812685,0
GUIDED_NOGPS,42.10713315010071,43.43368403611962,-24.240492833102333,59.56041079800263,83.93690503821531,12.350745303529429,-18.464242964446687,66.71311882539804,75.80620041661003,2.3836909837746103,0.3589369529721895,44.34311122390769,0.19775227957845898,-2.5381415803423466,3.3997326572867657,0.48352505700444,-27.502402708647434,58.679219705348615,82.01297073974395,-16.946327686309814,0.17688473453745246,-9.474754333496094,12.932924034912975,-21.136918556480314,0
GUIDED_NOGPS,42.140732526779175,29.770061750301654,-24.73298563535519,59.511191724195776,83.61448780476643,11.969495256318421,-18.279732126172703,66.1308033167235,75.37634485636681,2.197389463312873,0.01892095802225759,45.276159460761036,-0.11340989716563932,-2.0761620559501193,4.888519562416475,0.4832992233542373,-28.152960538901993,58.64531234161901,81.41069257020823,-20.036257803440094,3.365333005785942,-12.034565955400467,12.198178547382902,-21.096796317748367,0
GUIDED_NOGPS,42.17432522773743,29.772386232156673,-25.231282095076235,59.34642901086582,83.27656909943533,11.497135556305052,-18.089595222396728,65.53073196657495,74.92554728799472,2.0076158588752424,-0.2719144732524091,46.11637859660474,0.05501006845993789,-2.0904301294654606,4.124220777205522,0.4830620897087701,-27.610460043465185,58.56904255179702,81.43443765438539,-20.036257803440094,3.365333005785942,-12.034565955400467,11.330567764603462,-21.096796317748367,0
GUIDED_NOGPS,42.2087185382843,29.0802595817849,-25.726420812261573,59.22253141034168,82.94617115818214,10.996526304118207,-17.89417364832617,64.91398221693748,74.45380804056103,1.8856301744026955,-0.547466982733202,46.927337202044114,-0.08798647344018967,-2.1686049648713603,3.687274674492866,0.4827677220953612,-28.278545443772604,58.53063953616568,81.04493258497155,-17.97780841588974,5.724099650979042,-10.595028102397919,10.34844082204281,-20.107549284404154,0
GUIDED_NOGPS,42.24215841293335,29.91038943442512,-26.220176722261574,59.134181768862014,82.62684779270282,10.464150632475093,-17.693826187718894,64.28168638799578,73.96116100799867,1.7082900755754267,-0.9613844505639083,47.56725079519344,-0.2531684541328884,-2.3089357852329995,3.089638909513686,0.4824095009369121,-28.607309597427857,58.71298841659593,80.74199551192353,-17.622607946395874,6.320419907569885,-9.41060408949852,10.05179111787307,-21.72794848573986,0
GUIDED_NOGPS,42.275901317596436,29.643400333587763,-26.71670251501672,59.08982377764867,82.38071994593392,9.988288961014991,-17.488927621799192,63.635027287878074,73.44767285934459,1.6578954457751915,-1.148292683923013,48.28357712968228,-0.4072594212442311,-2.3976619860089223,3.1669882546984067,0.48186274659755013,-28.607309597427857,58.71298841659593,80.74199551192353,-19.279415905475616,7.128963619470596,-5.783593654632568,10.05179111787307,-19.808969272384342,0
GUIDED_NOGPS,42.31033492088318,29.05065141052369,-27.22075544818336,59.076123488423654,82.1271287978487,9.473939750266464,-17.279867338173744,62.97523382240031,72.91344224897827,1.4308845037562976,-1.4860672028864172,49.14354575751107,-0.5259706527021977,-2.4707098361850246,2.6894975679764923,0.4812888085370988,-29.04192833145433,59.05605819429065,80.38335832045459,-19.279415905475616,7.128963619470596,-5.783593654632568,8.999212043879732,-19.808969272384342,0
GUIDED_NOGPS,42.346495628356934,27.655602589969803,-27.734388684238652,59.11250794960152,81.8304137781932,8.91042169170539,-17.067047939747578,62.30357660481009,72.35859902686016,1.2059922010405768,-1.7398245253648466,49.93903398448036,-0.646147429235823,-2.4951222043092933,2.2387305528785326,0.4807588111826558,-29.233597899131126,59.125416065830606,80.32556331016406,-20.353904366493225,9.297552704811096,-8.936167508363724,8.629320749954918,-22.337495057839305,0
GUIDED_NOGPS,42.384268045425415,26.47919191919192,-28.266019799167687,59.19108157804645,81.54260165151403,8.289552569032875,-16.850883853640042,61.62136356553072,71.78330344877014,1.0476672421409177,-1.7352534212628155,50.67610701857312,-0.7608327393167169,-2.5511728009237324,1.6896689594298024,0.48016908391090257,-29.76885455354197,59.667477900150715,79.9190414794517,-19.967880845069885,10.45963168144226,-7.140863686800003,7.141285991130282,-21.353078675785586,0
GUIDED_NOGPS,42.41809892654419,29.564834916965065,-28.697118254666428,59.32571742874694,81.25897355062911,7.646384151896154,-16.63179994010076,60.929935561905275,71.18774538654594,0.7465293776377858,-1.9218811899791266,51.3373273868383,-1.1257943658009957,-2.60831400782964,0.7833219275078172,0.47953160331523864,-29.76885455354197,59.667477900150715,79.9190414794517,-12.502308189868927,13.82664144039154,-6.806837767362595,7.141285991130282,-22.272758524885926,0
GUIDED_NOGPS,42.450997829437256,30.40121770014134,-29.096403936073422,59.492052798502634,81.04339000129852,7.023953992295355,-16.410230101425586,60.230661987940586,70.57214353832165,0.45560968957640463,-2.0679554575504273,52.31031173976871,-1.3377191356107334,-2.6514407138151266,0.42602867483933293,0.4787178031942063,-30.21305101026194,59.624389616839636,79.73641678142877,-13.059990108013153,13.883382081985474,-4.060853272676468,6.737418289056514,-23.775471859275015,0
GUIDED_NOGPS,42.48834419250488,26.779959264721846,-29.605071942147237,59.68686013990399,80.77169440276023,6.44579208778166,-16.1866158908726,59.524936384051315,69.93674463876617,0.2741391939311292,-2.214522139072204,52.86968032713066,-1.2714582234935747,-2.7412952439137164,0.7779658965015268,0.47797417562121847,-31.168914788383816,60.86115637369417,79.03880923252945,-18.62686574459076,11.588039249181747,-6.450169533491135,4.553067890089295,-16.960288614868784,0
GUIDED_NOGPS,42.51760411262512,34.18368527860863,-30.015487060029443,59.982434575172206,80.55721592701009,5.82254586750088,-15.961405121578018,58.81417204680398,69.28182266932161,0.0060663285608820285,-2.333972329258795,53.40192964839307,-2.0249931451284193,-3.0120079905899226,-0.7700491279672401,0.4770801028101713,-30.219994126396863,62.610596979213014,80.74079493913771,-15.477025508880615,12.877438962459564,-8.248590677976608,3.2728809805593153,-16.46955659847629,0
GUIDED_NOGPS,42.551371812820435,29.620372593607435,-30.368399261410037,60.281200846499985,80.37332020671897,5.283331324407493,-15.73505047547221,58.09979763866096,68.60767806844183,-0.3053767439350652,-2.614651269237653,54.030798825654486,-1.8753184803706742,-2.7116090285416323,-0.036894908144290195,0.4760837786301906,-30.219994126396863,62.610596979213014,80.74079493913771,-15.477025508880615,12.877438962459564,-8.248590677976608,3.2728809805593153,-16.46955659847629,0
GUIDED_NOGPS,42.59042429924011,25.610316655879444,-30.770725314274735,60.56543185092958,80.08257662709804,4.707964287787809,-15.508008112195633,57.38325279772455,67.91463694183084,-0.3926459642386123,-2.5981499590897252,54.34610426340437,-1.6827522861151012,-2.650475227948426,-0.1130138361167039,0.47526011879527774,-31.81265685667129,62.381750500368426,78.43788397197811,-11.79814338684082,13.0852609872818,-7.214421778917313,2.528302405798986,-14.400326883758833,0
GUIDED_NOGPS,42.620580196380615,33.16782779917284,-31.283459552393953,60.84281246580431,79.79709006905995,4.112112161068803,-15.28073627801479,56.66598374748105,67.20305027268124,-0.7382729595917097,-2.776488546196285,54.91565324772422,-2.217167972454338,-3.3290655242411704,-1.4802373961127366,0.4743927106156624,-32.31315923437376,62.63417639558238,78.13509632405719,-14.943638443946838,11.716052889823914,-4.814502224326134,2.246392839067775,-12.157417411278999,0
GUIDED_NOGPS,42.65245342254639,31.38251116714428,-31.636384448125746,61.11992793544072,79.56443497578564,3.692230228567739,-15.053693914738211,55.94943890654466,66.47329313191275,-1.002943697064203,-2.971061639186319,55.20986364622252,-2.231330427599282,-2.925096703743126,-0.42643623735975433,0.4733818609388587,-32.31315923437376,62.63417639558238,78.13509632405719,-11.803119629621506,12.0801642537117,-5.324724316596985,2.246392839067775,-10.093670630917769,0
GUIDED_NOGPS,42.686962604522705,28.982400375900884,-32.029850010200335,61.394543688021486,79.4057818066157,3.236482772142035,-14.827339268632405,55.235064498401634,65.7257638884106,-1.0852786393009448,-2.9750686123515897,55.46830434403746,-2.1574949028729455,-2.9378489162820927,-0.698783067156985,0.4721852207748845,-32.17017664271688,63.648578531720005,78.85407824438333,-15.346154570579529,9.299803525209427,-3.1293701380491257,0.5212582518842234,-7.693181010322923,0
GUIDED_NOGPS,42.719974994659424,30.298002672734498,-32.328851832938774,61.72697473922093,79.33189767010694,2.7794454029206825,-14.602128499337825,54.524300161154294,64.96088341926402,-1.2609812002747032,-2.985276116622762,55.72807692874056,-2.454048801743426,-2.8351486765557468,-1.0994380044343854,0.4707842390507567,-32.3785525491991,64.24227201900229,79.9071064580022,-7.950422167778015,11.427930742502213,-0.5963362753391266,0.4145455639231128,-6.802134167996924,0
GUIDED_NOGPS,42.75524640083313,28.356177534394753,-32.59682247766563,62.01835822203851,79.15938099359906,2.4505595027726814,-14.378514288784833,53.81857455726503,64.1790943200047,-1.5270708561864137,-3.0256182020686193,55.84244503129784,-2.334771412651227,-2.7249583140623836,-0.3952446809800332,0.4695445670316924,-32.59407764298035,63.911854215047725,79.44904977302267,-7.013218104839325,10.307546705007553,-6.397863477468491,0.23656370210198652,-1.4020342115889868,0
GUIDED_NOGPS,42.786890506744385,31.608606202193,-32.89862396064189,62.35147729444399,78.89324199950535,2.1024451202693797,-14.15694445010966,53.119300983300334,63.38086011484516,-1.6183670066142122,-2.9693718076969757,55.949525322010714,-2.7197553756632917,-2.9632250871613124,-0.9568013461988298,0.46846090165983423,-32.592689680896704,65.56398982973263,78.66006739794747,-9.795138984918594,8.571259677410126,-10.355370491743088,-0.015064093443592518,-2.9789955442375238,0
GUIDED_NOGPS,42.82218670845032,28.3370198966321,-33.025527040129305,62.741600049475956,78.75079988448078,1.8547202818880641,-13.93786053657038,52.42787297967488,62.56666446691739,-1.6704094195517127,-2.9136609428449436,55.95864703964727,-2.6675360391226004,-2.494507324376672,-0.28042206885539556,0.46709437388626984,-33.25291293251426,65.9583085718884,78.14133194554915,1.561221107840538,12.119535356760025,-2.094137854874134,-0.08905756494591707,0.8661166518554532,0
GUIDED_NOGPS,42.8571515083313,28.604483362999638,-33.198458479507515,63.11315494197389,78.60236202774769,1.5868091758300358,-13.721696450462849,51.745659940395534,61.737010388511116,-1.802257897185758,-2.791633210020319,55.93963520809254,-2.7351141711401947,-2.6163333243049247,-0.5790399450488649,0.4657083331095365,-32.93719809778615,66.54938785589258,78.84959536489058,-1.6035260632634163,9.173933416604996,-3.7852544337511063,-0.5550449272798506,2.43573190260823,0
GUIDED_NOGPS,42.88739776611328,33.06950083968683,-33.36733371753916,63.46552518013997,78.53355052777533,1.416824175783372,-13.508877052036677,51.07400272280528,60.892419451312364,-1.9915028022929475,-2.8037025811705547,55.790463876619455,-3.058848595634582,-2.75553698898138,-0.27343407348885085,0.464135422022257,-32.93719809778615,66.54938785589258,78.84959536489058,-1.8580557778477669,8.305834233760834,0.5497681442648172,-0.5550449272798506,6.561225285120934,0
GUIDED_NOGPS,42.92070388793945,30.02945451160926,-33.39851831562595,63.81668051255633,78.46943582302866,1.2613577377983989,-13.299816768411233,50.41420925732754,60.03343099664187,-2.2485721261885985,-2.8429104283273667,55.626296864823615,-2.924595130069258,-2.3883110224086175,-0.177240882533498,0.46252112626013875,-33.010730334678165,67.10128161832554,78.48575036859167,4.080889001488686,8.774691075086594,-0.11550728231668472,-0.4848903525831094,3.1701520485386707,0
GUIDED_NOGPS,42.957812547683716,26.953429340736314,-33.54028283016949,64.15753438722074,78.28135024275953,1.2129107348664818,-13.094918202491527,49.767550157209854,59.16060134569359,-2.4642791051311215,-2.8096977797145333,55.36390148747924,-2.8127929870963144,-2.586716296622903,0.4575353291190467,0.4611242123635122,-33.29859866038554,67.69412676101112,77.83730567327567,-1.4323646202683449,6.158729642629623,-5.548935383558273,-0.286148729307517,9.937200388542886,0
GUIDED_NOGPS,42.99392652511597,27.69577792158054,-33.67218611581627,64.48747343056947,78.0995109043447,1.1799776062783374,-12.894570741884248,49.13525432826812,58.27450300977311,-2.5385394831084387,-2.9035001826809035,55.16161860502014,-3.054896801067257,-2.672504660774838,0.5015905667706877,0.459690387694195,-33.29859866038554,67.69412676101112,77.83730567327567,-1.4323646202683449,6.158729642629623,-5.548935383558273,-0.286148729307517,9.937200388542886,0
GUIDED_NOGPS,43.021928787231445,35.719307807603215,-33.66626793098237,64.84381672628457,77.92035557474527,1.173896635093439,-12.699149167813694,48.51850457863066,57.37572390053609,-2.637858331046652,-2.999651743834935,54.846449771053656,-3.070978274496573,-2.358809670552646,0.6678834083915827,0.4582237238073463,-33.17303507888475,68.36274317389406,77.76075354268977,5.85995651781559,7.373553514480591,-6.201115250587463,-0.20191393459759846,9.626545455844134,0
GUIDED_NOGPS,43.06225252151489,24.803396766448653,-33.66426751078975,65.14787191500851,77.77034601285385,1.1433080646669624,-12.509012264037722,47.918433228482115,56.46486654022676,-2.866539894647849,-3.126389105535695,54.518074766326954,-2.744692063188393,-2.3064659261498655,0.5299266677486185,0.4566686199420461,-33.12520889601743,68.28396702871474,77.39115286098257,5.4395075887441635,4.52459454536438,-3.31515409052372,-0.2451258747950696,8.01896310448596,0
GUIDED_NOGPS,43.08978343009949,36.331935830359306,-33.62866439977495,65.45627159052506,77.61794164612726,1.1800694417417734,-12.324501425763735,47.336117719807575,55.54254727191637,-2.948382849820938,-3.3002658715669444,54.09827426446504,-3.3298574803735543,-2.3618055886298297,0.964509381130207,0.4551034763283435,-32.21489831293494,68.37409838324118,77.77772421480333,6.081690266728401,3.7724584341049194,-3.798338398337364,0.20268738173753378,11.405581777068907,0
GUIDED_NOGPS,43.122483015060425,30.58566501133936,-33.42355550128605,65.68571473348597,77.5257885632061,1.3118066805788269,-12.14593926856464,46.772576226136536,54.60939546974162,-2.9197323406868505,-3.3559677717956906,53.80475029997833,-2.947180543663708,-1.9385049338660145,1.5909802566151838,0.4533914357855751,-31.550605837988158,68.32280518267652,77.71969259317763,11.356563121080399,3.192732483148575,-3.0763616785407066,0.2847018348760931,13.649880339271192,0
GUIDED_NOGPS,43.155373334884644,30.410034439006708,-33.34995958294309,65.92715527925543,77.37373670616407,1.4443461966851938,-11.973628237294811,46.228763262287046,53.66605274914316,-3.026041246910337,-3.3331542996376133,53.268740959577826,-2.9825679399591785,-2.22370717972577,1.676890958151334,0.45177783078359735,-32.855640966693116,69.66853842376523,76.77792429814767,7.826481759548187,-0.950466375797987,-3.2249413430690765,0.7417576834514661,13.156705676476776,0
GUIDED_NOGPS,43.18935704231262,29.432059954528867,-33.0955103857239,66.18292052807902,77.20495363273488,1.6499578225330729,-11.807849215006055,45.70556529410973,52.71317217710399,-3.0838466319600357,-3.4199128565789962,52.827565380708364,-2.968229292699741,-1.8335027356390219,2.1947688270342263,0.45017619740971254,-32.44348545958862,69.56263795377892,76.8471661452845,18.586979806423187,1.0017119348049164,-4.86648865044117,0.7272046383255751,17.314367328989537,0
GUIDED_NOGPS,43.224858045578,28.17502989265514,-32.810249217912556,66.3865959903688,77.06967862466658,1.8554136537336374,-11.648860131863529,45.20379634823152,51.751417482387986,-3.2961020174941753,-3.2430468155688086,52.180425447417164,-2.831329368477896,-1.7608521714324408,2.275584094569392,0.44848743575670014,-31.86751311472587,69.35377128245325,76.82268815889397,18.691250681877136,-1.2843082658946514,-2.831469848752022,1.2809070483660465,15.399733823493438,0
GUIDED_NOGPS,43.257866859436035,30.298659269533054,-32.44541855027796,66.54992154536586,76.87900646536606,2.1661779592838464,-11.496894574061798,44.72419362180021,50.78146226577827,-3.327844467888163,-3.207424604282842,51.78851260793642,-2.8418189512626446,-1.558818357832938,3.1739194834564026,0.4468942516495108,-29.632341947307424,69.02791142673664,77.26430367820188,17.27360188961029,-2.4881714954972267,-7.779937982559204,2.1983855653810025,18.87938394144019,0
GUIDED_NOGPS,43.29126501083374,29.94904604135725,-32.03917809765728,66.74047506365554,76.72041082863015,2.4840737210716646,-11.352160392740707,44.26741309222814,49.803989210315756,-3.6082032427496764,-2.9338134159910663,51.02718898719553,-2.890701980062748,-1.4535793126312435,3.399459144590444,0.4452206390875258,-30.17903759244532,70.35790848599837,76.55872433365693,21.328546106815338,-2.988802269101143,-4.74470928311348,3.2214288591035602,16.189173917952683,0
GUIDED_NOGPS,43.336578130722046,22.072147642177164,-31.51561064153712,66.89588197637474,76.65581668244941,2.8335985782053497,-11.214838312901392,43.834025126936154,48.819689291537536,-3.698754475671121,-2.749482405104878,50.54388821662001,-2.5193965953719393,-1.367168822111337,3.2553141373497,0.44333117764500557,-29.0835819881995,70.33409660408192,76.99164223545054,26.04791820049286,-4.573085904121399,-0.41708583012223244,3.4117247892138707,17.63268146506881,0
GUIDED_NOGPS,43.35913372039795,44.37759485367247,-31.01298756711014,67.08101182959008,76.50451634617247,3.289429263900601,-11.085080542322238,43.42451009309798,47.82926098771536,-3.741435900907707,-2.5794068527901524,49.939143267507085,-3.4842982385112,-0.8296262110487449,6.098248944825386,0.4416275692614658,-28.538569402952973,71.11799419726677,77.20239643162682,21.18968814611435,-7.020626217126846,-3.8711823523044586,3.794258909330474,21.038348681473277,0
GUIDED_NOGPS,43.391847133636475,30.564491211706066,-30.622627730434367,67.11757938332593,76.40920101215558,3.686797647543532,-10.96300938047483,43.03925396738404,46.83340949009417,-3.7601437890443723,-2.2154604363094346,49.39811373806662,-2.5427734774129247,-1.3920361032467636,4.581260306668055,0.4397868123988513,-29.50791482601854,70.0770913949667,76.12833875289213,21.18968814611435,-7.020626217126846,-3.8711823523044586,4.1890789624419025,21.038348681473277,0
GUIDED_NOGPS,43.430954694747925,25.576739903286196,-30.060915359500076,67.07622148538341,76.28543135527106,4.145842489281139,-10.848715827439904,42.6785439457054,45.832845913130384,-3.791037588433986,-1.8660140845498305,48.69915315954253,-2.302134857320318,-1.0984068746301843,4.88142997944654,0.4379865092931203,-27.608827557761106,69.04144884520855,76.35983205795242,25.130745768547058,-11.341017484664917,-3.555643931031227,4.829694469735626,20.882070538168797,0
GUIDED_NOGPS,43.45917224884033,35.4467196835887,-29.484302112413534,67.0661287697989,76.10672096908719,4.6319328432389515,-10.74225819282335,42.34256405295798,44.82828650473053,-3.896229758728176,-1.5776114812801576,48.021308110837545,-2.5479545966994306,-0.7595718867460924,6.183560817972873,0.4362990830374001,-28.29430240485723,70.23975680325503,75.92672885755013,28.503358364105225,-12.197444587945938,-5.413741618394852,5.334670529299311,20.264259437173635,0
GUIDED_NOGPS,43.492512226104736,30.003247612575557,-28.877565358688145,66.94132866693442,76.02545773132442,5.026786279609748,-10.643660704672158,42.03139075276658,43.820451856489534,-3.854929739251224,-1.3448691567739766,47.542283038682456,-2.170547630703547,-0.7992381017606277,5.352869582959125,0.4344024062584595,-25.318363068280448,68.9770968921144,76.53273688194591,24.833130836486816,-14.92346078157425,-3.540664166212082,6.263923893308488,15.724610063817803,0
GUIDED_NOGPS,43.527448892593384,28.748390988162882,-28.199069642067357,66.81397135637695,75.88046413166477,5.460686630574245,-10.552912118390317,41.74498855722874,42.81006611392939,-3.6568726094542487,-1.0809690033780783,47.127577857941375,-2.1421192969485308,-0.60430203634369,5.825091329732096,0.4326265813682416,-25.27422334151435,69.32118024966971,76.22257726450465,28.01876664161682,-16.26647561788559,-5.56979700922966,6.845247186589539,15.051629817349154,0
GUIDED_NOGPS,43.56040406227112,30.222247841939158,-27.677132765730914,66.67259432632183,75.63415091093266,5.897356856756308,-10.469964325654935,41.483205636658994,41.797856186737405,-3.5596871284146068,-1.0606926263315435,46.70071152538309,-2.048860870754252,-0.872229894704802,6.124203676962885,0.43104907564312966,-26.294011871274456,70.38999325269123,75.14173814873789,21.296343207359314,-19.756577908992767,-9.238791465759277,7.968296211275236,12.674394429557264,0
GUIDED_NOGPS,43.595224142074585,28.724764924632062,-27.11149021554555,66.51581528863285,75.35429492592266,6.291086477491579,-10.394730963332044,41.245769429332796,40.784550959004754,-3.3067652234490343,-0.898897824611812,46.1760642046669,-1.996946961542769,-0.7026647101331319,6.168485061345721,0.42953668983693366,-26.294011871274456,70.38999325269123,75.14173814873789,25.323486328125,-20.27810662984848,-11.8688203394413,7.968296211275236,10.987180610213205,0
GUIDED_NOGPS,43.627166509628296,31.3112911052219,-26.469860074850043,66.21759758474983,75.11372083643988,6.6963006099325115,-10.3270860223926,41.03228225123044,39.770880499464994,-3.126788031271906,-0.7334611446822886,45.87351414519201,-1.6890540723415877,-0.4865088249984987,6.40933089476497,0.4279425903745066,-24.647545964503827,67.83673614197517,75.18523515892315,26.737701892852783,-21.870936453342438,-10.125018656253815,8.280331197820185,12.04702618636596,0
GUIDED_NOGPS,43.664377212524414,26.878121615646368,-25.81482269423691,65.8855810203741,74.80208216415312,7.081431621003916,-10.266862456828527,40.842216905781356,38.757575271732364,-3.0023851001634094,-0.6660236987989908,45.48265315484345,-1.5896087346177172,-0.5021123498529949,6.314254974751468,0.42648548798210717,-24.44764286482549,67.16232046172375,74.36720387158755,27.43757665157318,-21.923808753490448,-12.443752586841583,9.066009468173513,9.050043338949207,0
GUIDED_NOGPS,43.69435906410217,33.36279609920616,-25.113513579907476,65.50044854899174,74.52425408880765,7.453558405632032,-10.213850792568579,40.674912293607974,37.74536534454036,-2.915914905271048,-0.700746779713749,45.3567761835347,-1.4061588820190807,-0.026522833351650732,6.959803369656426,0.42497271066304254,-22.34631662439392,66.38114457000677,74.57313382440081,25.906506180763245,-23.210033774375916,-11.444368958473206,9.57726374267815,7.811632712230224,0
GUIDED_NOGPS,43.72866225242615,29.156267378489602,-24.515311982459224,65.09757238225482,74.2393689937395,7.823650170769849,-10.167797736394348,40.5295690222697,36.73497960198023,-2.8377406154559015,-0.721299459256552,45.084535088501745,-1.3255718486877288,-0.36560488870032637,6.857522280298134,0.4234703809005671,-21.679189160407986,66.2137736878827,74.56942807012541,21.63926810026169,-25.18259882926941,-13.762609660625458,9.790988349313633,10.03140918776487,0
GUIDED_NOGPS,43.76132869720459,30.619380648552365,-23.751600071981365,64.5914027629827,73.89234250395891,8.112791823731067,-10.128404784856258,40.40524501600706,35.72714495373924,-2.7543598005025016,-0.6713186962313374,44.97406360886596,-1.0982582418319728,0.14797440281641613,6.6332387093471,0.4220987628812513,-20.520444854209266,63.942873213362745,73.98678725932999,27.424299716949463,-24.57704395055771,-15.117613971233368,10.041235445667308,3.4169355344311056,0
GUIDED_NOGPS,43.79708504676819,27.97209662145039,-22.963861390275202,63.959686485170806,73.48413641130287,8.470333514533573,-10.095326833189432,40.30085112548579,34.722585545339356,-2.6272324776888163,-0.6277728251779212,44.883894866538036,-0.8622703647114597,0.1719035848992606,7.080133140381312,0.42085056341706056,-18.694334086913216,61.53716176363585,72.92211203655167,25.829461216926575,-26.731079816818237,-16.84424579143524,10.827481961554799,6.755784504289217,0
GUIDED_NOGPS,43.82903242111206,31.30778532507278,-22.171658245650363,63.29782707700813,73.02784625387679,8.768141583179183,-10.068170784229835,40.215146737540664,33.7220219683756,-2.598110898945409,-0.677104987036249,44.81079135185139,-0.6483939834819166,0.4754359808607298,7.128317428663284,0.41971187032959273,-18.399655919187325,61.554049052703235,72.9941674614957,23.70152920484543,-27.78809368610382,-19.295792281627655,10.854792655844296,2.5077391719330895,0
GUIDED_NOGPS,43.862544536590576,29.846749402254353,-21.393702224916087,62.6511565578444,72.58018252657837,9.060020357121962,-10.046494157329988,40.146735384919765,32.7261704707544,-2.395178294741514,-0.4482494136937754,44.7452830075218,-0.6562037059202345,0.43793927675734434,7.176431470557979,0.4185620247293231,-18.144608183707184,60.98998416957587,72.47672684134648,28.23444902896881,-28.339242935180664,-20.05295306444168,11.073442096199514,4.61980676590781,0
GUIDED_NOGPS,43.89622783660889,29.692505911169633,-20.652693129330736,61.92779537166981,72.14332767819288,9.305807235791958,-10.0298036972751,40.09406035602839,31.735742166932212,-2.1321884774959314,-0.16667179691095854,44.77378538692826,-0.43539452682035573,0.46466768414492043,7.044134381293363,0.4174004820135866,-17.785706230525193,60.216881569128795,72.07310535407294,24.451421201229095,-30.883583426475525,-18.0300310254097,11.332895700018547,1.2554177977523162,0
GUIDED_NOGPS,43.93243741989136,27.62281845602666,-19.871226825992927,61.1856682353934,71.67056747922376,9.573849677856266,-10.017553983199065,40.05540030467293,30.751442248154007,-1.924598964938557,0.029946564209524226,44.76221163137968,-0.3818638401354743,0.5894722123334167,7.290863149383163,0.41632066706048065,-18.191630273141477,59.170954604028054,70.11820613829451,29.904311895370483,-30.170780420303345,-15.45044332742691,11.283143120932788,3.563604241903609,0
GUIDED_NOGPS,43.964091777801514,31.59884281581485,-19.02973402951019,60.31235268050117,71.10333642915201,9.745956949162057,-10.009146037500258,40.028864859805225,29.77396919269148,-1.7078100413428217,0.40017526062277287,44.82317789991121,0.0006142425048952238,0.9833803353904489,6.911761536216918,0.41544671062676075,-17.212890691834065,56.52449480776009,69.01550117563315,31.43962323665619,-31.01949393749237,-18.458200991153717,11.358435205465263,-2.0413753495085,0
GUIDED_NOGPS,43.99818253517151,29.338593472391263,-18.316854977182274,59.47838836635068,70.65104899876589,9.91775915455937,-10.003925934757632,40.01239023526651,28.804013976081748,-1.5009398330824142,0.7437234505493799,44.875886469736194,-0.06428473235656319,0.6469836660296937,6.934753053364069,0.41435293033749787,-17.212890691834065,56.52449480776009,69.01550117563315,27.026724815368652,-32.08090960979462,-13.809826970100403,11.358435205465263,-0.1894649652645109,0
GUIDED_NOGPS,44.03269720077515,28.978595807597177,-17.55533815997966,58.60397198738619,70.0082375482626,10.084353211702691,-10.001183410646718,40.00373483953118,27.842259281365756,-1.3206572033833393,0.9352557753374361,44.950677041147834,0.06942545300683606,0.859965077745848,7.014632373684547,0.41365674963826216,-17.12146670841464,55.8410306424487,67.40854640696622,28.551912307739258,-31.261488795280457,-20.42122334241867,11.274680234193578,-0.5162583543115329,0
GUIDED_NOGPS,44.06650519371033,29.5856892951865,-16.86787410872435,57.725716745879886,69.5078957892832,10.226170353760459,-10.000150470855388,40.00047488545121,26.88937870932658,-1.1168943043084645,1.1462893040620836,45.06573499281129,0.20894992836535292,0.8460568200366454,6.983440726923584,0.4126946352142485,-16.54602304581756,54.6257144832536,68.0111466522273,26.5648752450943,-32.44658708572388,-14.970289170742035,11.382283436273108,-1.276555525686213,0
GUIDED_NOGPS,44.09710097312927,32.68934127256289,-16.258124420989702,56.75137617368209,68.9231671181215,10.293093818893913,-10.0,39.99999999999997,25.94603598872817,-0.9195735542813811,1.4100672611048621,45.253838402553434,0.6187449170248268,0.9173668037019331,6.608067421613906,0.4119241705680455,-15.30151851871422,51.83447451369602,66.6452691466888,20.800578594207764,-33.44975709915161,-19.563645124435425,11.366202352492834,-3.99864204203017,0
GUIDED_NOGPS,44.13082933425903,29.653879328629404,-15.626943656486942,55.71333140133875,68.34380396049883,10.40031845031095,-10.0,40.0,25.012884186553407,-0.7559057332643323,1.564916614212337,45.42790235845663,0.6537322638905521,0.9147976109980712,6.876498717421587,0.41115817949847633,-14.727444110670913,50.575991616467846,66.04876769343488,20.323370397090912,-34.04634892940521,-17.51655340194702,11.33995136824081,-1.3148647760803454,0
GUIDED_NOGPS,44.16488242149353,29.371671066729224,-14.95325239399791,54.65461680066075,67.62077865277955,10.401036655013575,-10.0,40.0,24.09056491824299,-0.4455450856692735,1.66560865033884,45.644637921199475,0.7256529220300809,1.06458351666232,6.244839963193381,0.41070029555984966,-15.098652766267577,49.5692181244749,64.13806677557308,24.55761730670929,-33.459872007369995,-21.95124477148056,11.182898131348152,-6.940480076522355,0
GUIDED_NOGPS,44.20165181159973,27.203943442729276,-14.386823784593881,53.617916147323,66.9219764497508,10.434125999650707,-10.0,40.0,23.179707557933682,-0.18107904042846906,1.8591947809938074,45.925905111220594,0.6886547750566627,0.8163077769971553,6.44339423484601,0.410212882651318,-15.098652766267577,49.5692181244749,64.13806677557308,19.50874626636505,-33.931490778923035,-21.469932794570923,11.182898131348152,-4.510443484464858,0
GUIDED_NOGPS,44.23181676864624,33.15602915368927,-13.829519136358643,52.48590484159083,66.27247552996596,10.450397016632923,-10.0,40.0,22.280928448696642,0.06423803586567571,1.9159848157347015,46.19649330047441,1.2515792383073048,1.1462162634446098,6.3760067929186475,0.409660186399136,-14.721166431114048,47.916372413096695,63.85815686993674,16.362155973911285,-34.55741107463837,-17.219434678554535,11.06765355002644,-5.103779456342926,0
GUIDED_NOGPS,44.26509118080139,30.058722776037897,-13.402801160618052,51.4376465034672,65.63306267265638,10.434312094463289,-10.0,40.0,21.394830112776162,0.25411233223271135,1.9307661988722553,46.440798921802006,1.0532091860366695,0.7728752436672951,6.163788919034354,0.4091080071156582,-14.049214822525006,46.473518596044784,62.45551891215076,14.041802287101746,-34.320223331451416,-18.75281184911728,10.900415855201334,-4.94360639766425,0
GUIDED_NOGPS,44.29866099357605,29.792476417774747,-12.98405058950192,50.293556896123924,64.91349709616313,10.345378454079686,-10.0,40.0,20.522000461827844,0.6247621524969736,1.7681121806992774,46.72333311191417,1.2977460023929641,0.8274151152948561,5.67765493905839,0.40874183991629426,-13.757789947024989,45.148269225881606,61.730022314318816,10.763779282569885,-35.27688980102539,-20.93028426170349,10.73395083612514,-9.083984256482294,0
GUIDED_NOGPS,44.332190990448,29.829980015219725,-12.598091144369516,49.1149068433844,64.17584568147534,10.302626671078489,-10.0,40.0,19.66301200715739,0.6772380156425055,1.5689314847838352,46.90863614409662,1.46041734993629,0.8230354920682674,5.9265825093107445,0.40843946225782224,-13.773909893432275,43.49034465162784,61.290041618693465,10.175057500600815,-34.942835569381714,-22.24440425634384,10.502344960811282,-5.278613089188212,0
GUIDED_NOGPS,44.36561131477356,29.92789000121301,-12.278073010302718,47.896758551547414,63.39606008313155,10.149051805741575,-10.0,40.0,18.818421069958646,1.0759538302582907,1.3639998763089476,47.252904999021936,1.655115822567638,0.7454552325883126,5.17003274202521,0.408250282145624,-13.678243559072932,41.53139706353275,60.106830631529874,7.228395342826843,-34.80578362941742,-23.315879702568054,10.222685550347542,-10.967653099376138,0
GUIDED_NOGPS,44.40086817741394,28.3722899797742,-11.91200229808054,46.72413754839858,62.63265324436043,10.104118014785485,-10.0,40.0,17.98876699155241,1.2971447040523933,1.1380879544161908,47.49729258261958,1.5389064683636364,0.8203494341943446,5.805354875525733,0.4080553716495399,-13.542607566114857,40.929534574764226,59.7628714186116,11.330343782901764,-32.80168175697327,-22.991909086704254,10.092803021302892,-3.736763197741772,0
GUIDED_NOGPS,44.43413710594177,30.060446215482084,-11.60650337605292,45.501533047433696,61.81368192229994,10.015708940070597,-10.0,40.0,17.174571343624592,1.542948698129166,0.9755404445055829,47.71517903223757,1.8235286522391818,0.7975721379529817,5.4832980432237575,0.4080049146719693,-13.66025530053367,39.691143700339104,58.958866592786656,7.934446632862091,-33.241307735443115,-24.575665593147278,9.874706723764358,-5.698209112261844,0
GUIDED_NOGPS,44.46699666976929,30.437398857773164,-11.384151607076259,44.25029454374599,60.968896469529426,9.859202231612175,-10.0,40.0,16.37633713846506,1.6672077683782693,0.6044051472017208,47.90088846067563,2.05923265132167,0.6899862558890337,4.9597450495801425,0.4080396015336575,-13.848810984839062,36.920318877537866,57.76247019854527,5.49377053976059,-31.60770833492279,-25.634384155273438,9.416954343810868,-8.37230245062906,0
GUIDED_NOGPS,44.50100827217102,29.407091124525866,-11.21097042704462,43.041563373916574,60.16053047746912,9.732961343526208,-10.0,40.0,15.594548039205677,1.7683524112589917,0.46636472955908886,48.01367878953464,1.994181006965816,0.5688508588808618,5.098247565563495,0.40803205859801084,-13.713145091841351,36.172563055861396,57.54462806767043,3.7491895258426666,-31.033483147621155,-25.429555773735046,9.256350167816514,-6.044403226759464,0
GUIDED_NOGPS,44.53626298904419,28.374593252558874,-11.045720334077833,41.85032510604394,59.38808707926282,9.551698663574129,-10.0,40.0,14.829667570059115,1.8480750195816151,0.3988890239442684,48.240164447317675,2.0638435792276493,0.5744521215406309,4.66020773669232,0.40798684308829536,-13.607593676385722,35.619473693354394,57.25099932707046,3.355986252427101,-29.86096441745758,-23.17230999469757,9.242480127076307,-9.365867017302365,0
GUIDED_NOGPS,44.57025623321533,29.424420358483285,-11.02909984999632,40.62795920120498,58.60943548002594,9.482783249016721,-10.0,40.0,14.082138326556958,1.9469684748005835,0.3138050372883022,48.349522606118754,2.190082294209179,0.2817433663487164,5.295632340009648,0.40798678679967254,-13.48800389735695,34.21114461621109,56.836131782121235,-5.527712404727936,-30.78606426715851,-24.042634665966034,9.182445683136983,-2.3700835394006523,0
GUIDED_NOGPS,44.60180306434631,31.703217711396157,-10.91497467432921,39.47485588531728,57.882668089386584,9.365043018310368,-10.0,40.0,13.352381185788516,1.9989449337239111,0.4263870720580489,48.504707919156026,2.3105897464971363,0.5269046737303147,4.882618655339336,0.40792384961003564,-14.012014789755588,33.54455827530742,55.73664322803031,3.4411832690238953,-27.47289538383484,-19.0829798579216,8.892773148827931,-4.580810227728445,0
GUIDED_NOGPS,44.63527202606201,29.88438985115888,-10.84871583804713,38.376885410651525,57.18923132595223,9.25918964646704,-10.0,40.0,12.64079451663892,1.9011174149022878,0.47249151596629607,48.58822405723236,2.205571503071979,0.39896816863537254,4.921580923444843,0.40782804062959166,-14.393106857980577,32.34168367439927,55.0854740925848,3.560863435268402,-26.515081524848938,-19.6251779794693,8.708190113315059,-3.625388425588252,0
GUIDED_NOGPS,44.6688232421875,29.810898597695758,-10.795831878610905,37.254328704067454,56.49945231882214,9.140079347062802,-10.0,40.0,11.947753390027941,1.8664813121777417,0.5722214559151795,48.685257139676146,2.32699008211211,0.38948085050261655,4.775235705578291,0.4077616238727027,-14.21528413277536,31.147518734513184,54.177816658011906,1.7351750284433365,-25.13255774974823,-17.00679212808609,8.662571117226175,-4.350235421066685,0
GUIDED_NOGPS,44.70313358306885,29.150998735074577,-10.705507323890169,36.19541445297463,55.82198566423206,9.042235578784423,-10.0,40.0,11.273608789148142,1.8033118807520556,0.6647650763618573,48.80027752529916,2.2318214110308117,0.45368030013409427,4.854555435652084,0.40770717633822506,-14.45101791449719,30.697081634113818,53.78202367408012,5.696665123105049,-22.910316288471222,-17.11517572402954,8.585081761193575,-2.999617166002262,0
GUIDED_NOGPS,44.7370023727417,29.531944855167364,-10.662015697358573,35.142731692152005,55.176372966368255,8.931577407530332,-10.0,40.0,10.618686819703584,1.7759556924656852,0.781024340906436,48.99201118058517,2.3360406921982055,0.37380232569724003,4.705930974597173,0.40762815283020226,-14.107501103042011,29.880688634973133,54.018901254485996,2.1172121167182922,-22.474251687526703,-17.15802252292633,8.709917378030433,-4.258578551273345,0
GUIDED_NOGPS,44.769824743270874,30.471452338227493,-10.694195858495279,34.12790614760014,54.54471980614659,8.809416381129724,-10.0,40.0,9.983287920148115,1.7561726898649779,0.6300070440884559,49.1050234905922,2.426761421370597,0.2194961435620036,4.541656912160713,0.40756212670545167,-14.646310948836557,29.077969618766787,53.73014638539955,-0.20193192176520824,-22.015395760536194,-18.115900456905365,8.534390161922303,-4.668716469893801,0
GUIDED_NOGPS,44.80808734893799,26.139086756283458,-10.761561334421929,33.139566057582044,53.903611264686624,8.679775850769827,-10.0,40.0,9.367686071923771,1.897669450031901,0.5918508859812671,49.312814920616916,2.1830192203492165,0.11535462520447212,4.530605437161566,0.40754493986941254,-14.951079567221612,27.909557356335178,52.68468465006341,-0.7790335454046726,-20.870448648929596,-18.155069649219513,8.427572590245695,-5.1032842676281005,0
GUIDED_NOGPS,44.83699154853821,34.60389905040055,-10.835395610387247,32.15077766988381,53.2201210855815,8.512839039799337,-10.0,40.0,8.772128009699628,1.820353843061472,0.37595226153558714,49.36116241465685,2.8063936998210885,0.13919433062355696,3.952189381465587,0.40766943298385777,-15.24467838362316,27.250078496037982,51.969290498737855,-0.4372816067188978,-20.555156469345093,-19.262290000915527,8.354441764208495,-7.202859659054279,0
GUIDED_NOGPS,44.87097644805908,29.429788308927233,-11.003493544049636,31.332771925353317,52.688367620166154,8.402338258656822,-10.0,40.0,8.196832431609579,2.012773078585425,0.1268810891580212,49.72605161068644,2.2435271005676505,-0.1343483511211656,4.390264461608664,0.40752194564069555,-15.42461592604272,26.702967946933285,51.320968713878514,-3.409476950764656,-19.65457648038864,-15.98319411277771,8.261302333754028,-4.479330265248158,0
GUIDED_NOGPS,44.90467834472656,29.676959216596384,-11.165310255592024,30.40803452224744,52.0690499987977,8.24297650453863,-10.0,40.0,7.64198920949147,2.0404827291613437,-0.25957064055533,50.014985688050906,2.5272181832849565,-0.10346434389168208,4.0001121817161875,0.40759100084858096,-15.648663356033397,26.00847189212776,50.80175419539316,-4.596097394824028,-18.398207426071167,-15.544062852859497,8.099013768847026,-6.4802529656236105,0
GUIDED_NOGPS,44.943591356277466,25.705589978365722,-11.396740894359768,29.553517666513272,51.46318182890482,8.041756396087726,-10.0,40.0,7.1077585991251055,2.05589953333512,-0.5838086050378416,50.322207596918076,2.265569189994483,-0.2551870169706128,3.781423908252722,0.4076658593550302,-15.648663356033397,26.00847189212776,50.80175419539316,-8.809327334165573,-17.313671112060547,-17.06368774175644,8.099013768847026,-9.331166241224116,0
GUIDED_NOGPS,44.979933738708496,27.51861012879141,-11.643712855686763,28.57471765501356,50.740124432047025,7.81546807390403,-10.0,40.0,6.594270450471043,2.255627925044633,-0.7641037211764931,50.748452382261895,2.6368913519056636,-0.28664375185261665,3.4568549201244467,0.4080201521448841,-17.070008935886918,24.234141289385057,48.83375753663964,-7.017276436090469,-14.822567999362946,-15.043890476226807,7.494312449627964,-8.40181911312727,0
GUIDED_NOGPS,45.01036596298218,32.868660272083254,-11.8722274391862,27.788445593398095,50.12033990905958,7.600354612976143,-10.0,40.0,6.101623417908712,2.2883838047567218,-0.9499750464422252,51.04182266749228,2.653917131108148,-0.37088683988781446,3.1447945754339086,0.40822090785629905,-16.812387012357487,23.865224422738535,48.80048437911954,-4.58996519446373,-13.32324743270874,-16.246892511844635,7.425749343615518,-8.788735669230153,0
GUIDED_NOGPS,45.04434108734131,29.43846375204419,-12.191038839293089,27.10190199932782,49.55668895081936,7.3171217117674665,-10.0,40.0,5.629884170475037,2.42327000902413,-1.0560551413285164,51.4560633953698,2.36699835856821,-0.5851826401378739,2.713090874512645,0.40834538642337803,-17.903858748755027,23.01413811278714,48.107450305963724,-6.869883835315704,-12.22919374704361,-16.47419184446335,7.047183249104025,-13.063106471638212,0
GUIDED_NOGPS,45.07840371131897,29.3681748799171,-12.51432256312092,26.373124625440816,48.870840302796935,7.072428251575516,-10.0,40.0,5.179086602102899,2.484262531095286,-0.9975988605952565,51.613499255738596,2.5063486222707163,-0.617281075190426,2.7926041556599115,0.40875653794934286,-18.561791994387015,22.443042310594187,47.05042573357293,-6.337426602840424,-10.108568519353867,-18.5736283659935,6.598235290813262,-8.875513222635163,0
GUIDED_NOGPS,45.1117947101593,29.95268190614935,-12.816697545012751,25.72926254504158,48.26210291601315,6.742550061313743,-10.0,40.0,4.7492310418597015,2.5472855403406403,-1.0897101514118137,52.29258739887253,2.381009728900643,-0.6271414060634719,2.0980461349109873,0.40905533753124235,-18.392996975664307,22.523627188044536,46.9230207161436,-5.632007867097855,-7.425415515899658,-15.409877896308899,6.480021812246287,-14.215599295013961,0
GUIDED_NOGPS,45.145957231521606,29.276952178859858,-13.145923752651928,25.148145697388824,47.64647818739226,6.412253146787104,-10.0,40.0,4.340283464185546,2.578747099205011,-1.080826103014037,52.8466899103844,2.3011462195370163,-0.72950740894022,1.9134559840760308,0.4094095204890426,-18.71589653650544,22.229777525091116,46.12633864491532,-6.684459000825882,-5.881156772375107,-15.54192453622818,6.21379204690955,-13.926272481772221,0
GUIDED_NOGPS,45.17883110046387,30.428124750622086,-13.498450234711727,24.62782953230672,47.03281257108779,6.081520158406639,-10.0,40.0,3.952174699131973,2.7418667441803137,-1.1770722195993908,53.365285683495955,2.278382633665236,-0.8582721073462385,1.6231301593631895,0.4098043667805116,-18.887914205546153,22.21789063873314,45.64191856540198,-8.070885390043259,-4.424913600087166,-16.35359227657318,5.826981366273149,-13.199690618244604,0
GUIDED_NOGPS,45.212984800338745,29.283493098561067,-13.871999270102167,24.11295194833926,46.42033952147343,5.733472530545452,-10.0,40.0,3.5847996426001316,2.6788678540404662,-1.2637276833729887,53.728194124666246,2.2518469198292497,-0.9115648454567926,1.419085272760955,0.41023554714674443,-19.514815695454097,21.32886178879823,44.86766340667039,-8.070885390043259,-4.424913600087166,-16.35359227657318,5.100376508591319,-13.199690618244604,0
GUIDED_NOGPS,45.245837450027466,30.44424765914205,-14.20159663648353,23.65709892319409,45.80317070572253,5.430278828759253,-10.0,40.0,3.2380164665795803,2.6832720453946552,-1.4055647790596486,54.3368049608494,2.209643288089508,-0.8999356486745497,1.4119324596006988,0.41072039710387864,-19.58724936991475,21.51616957375436,44.52912108826808,-5.384335666894913,-2.1119702607393265,-15.836146473884583,4.955300654449767,-10.00022339778824,0
GUIDED_NOGPS,45.279897928237915,29.365501886845294,-14.531031394226694,23.303524588420906,45.302371696040915,5.036700426139531,-10.0,40.0,2.911645829386458,2.5718311057835503,-1.5389322267320813,54.85630573402598,2.004612122719279,-0.9374619019327796,0.7093127809061119,0.4110115411485528,-19.623590440427396,21.490472891505892,44.22990817657849,-5.814852938055992,1.121927984058857,-11.035573482513428,4.760112752218366,-16.202294711348276,0
GUIDED_NOGPS,45.31620383262634,27.549518542359078,-14.910882577185404,22.971267287765958,44.78830044513962,4.605756222028602,-10.0,40.0,2.6054700859021693,2.425791842931746,-1.6270689877819258,55.23542904428588,1.9540685693561572,-1.0502584121986875,0.37398846904994976,0.41136647019052985,-19.73863364497229,21.533035274271278,43.94281221570407,-9.269659966230392,1.4924980700016022,-11.902721971273422,4.529566166698823,-18.120239151044537,0
GUIDED_NOGPS,45.346946239471436,32.53592733083553,-15.311090938002835,22.64871691120744,44.22093447979433,4.090324388636362,-10.0,40.0,2.319232497811498,2.4426216424900686,-1.7590245072868698,56.149308355233586,2.062518245207522,-1.264553546841468,-0.8785392271567258,0.4118768836908702,-19.91276932557117,21.312540942941496,43.35809871469279,-10.277515649795532,2.8427129611372948,-13.46215009689331,3.8696911127718376,-20.89000380288977,0
GUIDED_NOGPS,45.3810396194458,29.340235320452734,-15.69264270273622,22.458493050384394,43.68210947288324,3.5596388652176443,-10.0,40.0,2.0526364438414646,2.4623145719710964,-1.9309941564358046,56.71459530151135,1.74630018267621,-1.21629765086377,-0.9843064118280296,0.4123646966651278,-20.22245918329774,21.4043623826437,42.35010152897176,-9.549224376678467,4.16252575814724,-15.295341610908508,2.892885159888249,-22.35828444612553,0
GUIDED_NOGPS,45.418848514556885,26.45414064963734,-16.12003424157754,22.26686465158488,43.04705608304926,3.0655283972304135,-10.0,40.0,1.8053446299993823,2.5820821525106816,-2.0047567843773573,57.47641069587248,1.720631131325303,-1.2804876781517396,-0.7860972264274091,0.41307812535340693,-20.340241347584254,21.270014199003647,42.03319681141208,-12.433350086212158,5.4671429097652435,-19.800904393196106,2.287024891258627,-18.010145039360395,0
GUIDED_NOGPS,45.452606439590454,29.626230805091332,-16.480436480242094,22.101458080422248,42.45130404164506,2.4761452944447755,-10.0,40.0,1.5769782998117137,2.613296543904463,-2.0883841264711123,58.24175388293992,1.70412553331443,-1.2769377444920926,-1.976230990384282,0.4137572267437537,-20.38985270692089,21.22537719733404,41.895942765823165,-7.228021323680878,9.719246625900269,-13.70987743139267,2.0432703206286615,-21.36919450713223,0
GUIDED_NOGPS,45.48806619644165,28.20856956466181,-16.85174032912346,22.057933378480456,41.97439694459421,1.9626071291919995,-10.0,40.0,1.3671164445625266,2.7093541899574065,-2.009118073605822,59.12586039929554,1.4614081957179048,-1.3260695668370677,-1.7201973302559581,0.41423374620214093,-20.54603175799742,21.553433824941102,41.285979287998046,-9.233921766281128,10.966775566339493,-10.951593518257141,1.3771659597243042,-18.396938652058218,0
GUIDED_NOGPS,45.52145433425903,29.95524893050229,-17.22855619153641,22.058774297995996,41.44603521234712,1.4062114160773778,-10.0,40.0,1.1752950135313256,2.6954338375420974,-2.0281294782737294,59.89258328457532,1.369745560068096,-1.4389368482980054,-2.5144426999477925,0.4148534489941205,-20.464345342460547,21.974169198424583,40.863848114496975,-9.887826442718506,12.537340819835663,-12.775036692619324,0.9573914315407172,-19.627801919744336,0
GUIDED_NOGPS,45.556132316589355,28.841301821532454,-17.58777773917973,22.118276377315183,40.94301545411425,0.8009301669146378,-10.0,40.0,1.0010061242323616,2.736990202556336,-1.976349600732451,60.52971016054328,1.2406704277657221,-1.4120044207924909,-2.9884864999786753,0.4154551578614709,-20.770217422358684,22.149011482411638,40.25979160138462,-9.04320478439331,13.243857026100159,-12.963517010211945,-0.11027074078076504,-21.99444368413354,0
GUIDED_NOGPS,45.588181495666504,31.208547873448616,-17.913014974596834,22.24296093303231,40.45371451491216,0.15670303421873347,-10.0,40.0,0.8436972726520651,2.76320788368543,-1.9518433088772684,61.26674904369018,1.0739439023436528,-1.4450236769028697,-3.9234696891404166,0.416068328542229,-20.827732960838972,22.384633370230603,39.74560470523703,-7.279500365257263,16.014088690280914,-11.131928116083145,-1.231416703720908,-21.223607317426115,0
GUIDED_NOGPS,45.63672852516174,20.60171914141166,-18.247028980913402,22.427768199534963,40.01705269960537,-0.5079613939981429,-10.0,40.0,0.7027705434891516,2.655989281641862,-1.9197459020898513,62.28196787135337,1.0506363290297198,-1.2598324314771814,-3.045482479844038,0.416583524037059,-20.874785764003427,22.76413634735983,39.241901029095246,-8.952710032463074,16.98465347290039,-10.450632125139236,-1.874073538400972,-24.0643103139911,0
GUIDED_NOGPS,45.664833784103394,35.58868100632133,-18.619365348175076,22.612604094490912,39.43316457754815,-1.2875746058062454,-10.0,40.0,0.5775818203910887,2.671436394780081,-1.876285621844472,62.728068016614415,0.8269590197372733,-1.7534194667292966,-6.349925751807808,0.41745747258370935,-20.91092893324248,22.83257822174759,39.06370663872126,-8.45784842967987,19.681331515312195,-10.843182355165482,-2.303294653924977,-22.483838690996,0
GUIDED_NOGPS,45.701703786849976,27.129512363925667,-18.938917393969525,22.905941659822574,39.10432078516891,-1.7882469925191926,-10.0,40.0,0.4674399961938036,2.4749305716983447,-1.8064345578632208,63.55973917071184,0.7103570271107974,-1.4624812784149008,-3.7970008538065754,0.41783806581412497,-20.935493875651755,23.32187670015886,38.55532100381242,-11.391978710889816,19.1754549741745,-9.78180319070816,-2.9963445337473336,-17.311824791071,0
GUIDED_NOGPS,45.73396372795105,31.00461265523359,-19.227493524125723,23.24605077611889,38.699706020354206,-2.441787873081966,-10.0,40.0,0.37160618316025307,2.5085176000550593,-1.682666514182418,63.863860173695834,0.5055883930849489,-1.5016243220096757,-5.486239736975519,0.41840579346800577,-20.818988382205724,23.846951108456043,38.19359183179976,-8.187675476074219,22.299687564373016,-9.094775468111038,-3.6047907067230245,-21.554229454389752,0
GUIDED_NOGPS,45.765724658966064,31.49160585037691,-19.52264079638445,23.637733276430183,38.305241045105994,-3.010911454539805,-10.0,40.0,0.2892929232174595,2.239158417965028,-1.6983459604741227,64.60968951030455,0.33727383885418033,-1.5545214181034044,-5.3910161484997525,0.41898180908609417,-20.673123713045698,24.409216715578854,37.8522489089317,-11.053688079118729,23.570232093334198,-11.272289603948593,-4.177885378362822,-18.738128799215158,0
GUIDED_NOGPS,45.81020641326904,22.483899499857944,-19.82937511297373,24.03832712423727,37.83452579652766,-3.5028968011045722,-10.0,40.0,0.2196633981973548,2.2187638999901935,-1.5884498175542043,65.31093137201141,0.5201043793197181,-1.4281867122354455,-4.309614081238363,0.41971692618375184,-20.655705277602436,24.922585911344996,37.49485607195137,-11.899536848068237,22.952598333358765,-15.50815999507904,-4.803215495571406,-12.939439920299609,0
GUIDED_NOGPS,45.835973262786865,38.8214103904999,-20.117255444273184,24.51589522166349,37.19861133140338,-4.263814776793756,-10.0,40.0,0.1618306400726226,2.217235645163403,-1.7021697991922722,65.64554233945034,-0.1839638707571607,-1.7152950071537068,-8.495450635409428,0.4208351159621525,-20.67031860000351,25.720272572990865,36.95500203014524,-9.457867592573166,25.536534190177917,-13.918028771877289,-5.7150153247828595,-16.48147869367255,0
GUIDED_NOGPS,45.868531227111816,30.719850000732418,-20.343013113407796,24.965311772588304,36.84714677542261,-4.669710318114641,-10.0,40.0,0.11485674119697364,2.0371651782154214,-1.894278474552401,66.14068324295208,0.10986562777457876,-1.4558659852325067,-5.28546764965129,0.42139607271888996,-20.67031860000351,25.720272572990865,36.95500203014524,-10.903845727443695,25.361618399620056,-15.418046712875366,-5.7150153247828595,-14.142130365206718,0
GUIDED_NOGPS,45.90238404273987,29.54567483798253,-20.61277787510058,25.49446329036131,36.42890665678339,-5.10168523757811,-10.0,40.0,0.07775206454292061,1.7373990611575516,-2.1614968192244564,66.52812572362105,-0.07870684252469057,-1.5441691262196624,-5.631882058830265,0.42210947989063596,-20.871331773947965,26.784160013281898,36.04880282418935,-10.109777003526688,26.944050192832947,-11.317668855190277,-6.425386871764618,-8.419993392735028,0
GUIDED_NOGPS,45.93494272232056,30.71940001171852,-20.881521085558457,26.05003356725616,36.006883620308756,-5.534546292023723,-10.0,40.0,0.04947445394034844,1.6249848195897199,-2.237033375359508,66.85132344495688,-0.21293071141494174,-1.5682798323939442,-5.9619708225682695,0.42284982760025247,-20.928338846678926,27.39041314103775,35.86061496715765,-10.109777003526688,26.944050192832947,-11.317668855190277,-6.649480907322923,-8.419993392735028,0
GUIDED_NOGPS,45.96938180923462,29.041197568304877,-21.13239711330041,26.673326570890538,35.44180594055195,-5.984686305939921,-10.0,40.0,0.028928444315312163,1.327385793489448,-2.5162884343398297,67.20186924372945,-0.3411647955378379,-1.5129283250875187,-6.204500333495796,0.42389009934851274,-20.75915803586823,28.53909764314983,35.21922955805609,-9.986166656017303,28.574642539024353,-20.36167085170746,-7.335798601352135,-9.654567160687757,0
GUIDED_NOGPS,46.00233864784241,30.348644033457788,-21.395825212220082,27.294922330087168,34.93309964856908,-6.356348786558608,-10.0,40.0,0.014964471927470413,1.0201653787261555,-2.6828816573949066,67.31788000678212,-0.4561117023664889,-1.5737336143093787,-6.0718891286873635,0.42483360594773395,-20.75915803586823,28.53909764314983,35.21922955805609,-11.090303212404251,28.503623604774475,-16.869159042835236,-7.335798601352135,-5.0566712147505255,0
GUIDED_NOGPS,46.039262771606445,27.08763772103176,-21.624817165311107,27.91660460388213,34.469259400190616,-6.741931186628659,-10.0,40.0,0.006378084609337975,0.6310942714661043,-2.692623001255226,67.5768329687848,-0.36855628305418947,-1.4764672465531714,-6.134210391477316,0.42569322634860207,-20.695188718944102,28.55017394738696,34.79417498496631,-9.99685674905777,29.555237293243408,-15.436577796936035,-7.525191341890459,-8.083750863858116,0
GUIDED_NOGPS,46.069406270980835,33.17989731906243,-21.87198909162872,28.596943921325913,33.951604524668994,-7.172646402908985,-10.0,40.0,0.001909152004969883,0.3471492470839376,-2.6162094061420618,67.66546150345489,-0.8169471774335324,-1.5810934526941958,-7.156096138507587,0.42667858829128813,-20.644298872701214,29.300360818564144,34.30409576682055,-9.99685674905777,29.555237293243408,-15.436577796936035,-7.919332511713783,-8.083750863858116,0
GUIDED_NOGPS,46.10507011413574,28.045977626361577,-22.061238595914915,29.203002532384428,33.5460482386167,-7.437751732831204,-10.0,40.0,0.0002410758079633979,-0.27622325540162934,-2.4710845348653927,67.73532750847495,-0.49177947251728066,-1.4360709542014352,-5.953626663330629,0.4274386473794236,-20.671090108674633,29.800458197033393,33.99555513448011,-9.98089388012886,28.205564618110657,-14.637553691864014,-8.05210011516922,-4.126772121991378,0
GUIDED_NOGPS,46.13711643218994,31.21063793372871,-22.233910537437694,29.951657094983016,33.036213322802816,-7.659931958536596,-10.0,40.0,-8.526512829121202e-14,-0.3889629448112416,-2.2593183616305557,67.70846437446929,-0.9684797759195629,-1.3928827950838085,-5.987849438069059,0.42841564786391906,-20.823721510395227,32.169367545863096,31.925581417837932,-6.976047903299332,28.830257058143616,-12.849730253219604,-9.046701407432849,3.6546703003337426,0
GUIDED_NOGPS,46.1705048084259,29.9563186538489,-22.299878484179686,30.72559602508054,32.58315728683784,-7.861999267643876,-10.0,40.0,0.0,-0.7425092777027044,-2.066596676792418,67.58679821478385,-0.9726024979656016,-1.1524715418349638,-5.920695208792368,0.42927799415456036,-20.481142235903317,33.55823724011982,31.276747746003622,-2.6185423135757446,29.572147130966187,-11.167947947978973,-9.328531072815414,2.131103117748134,0
GUIDED_NOGPS,46.20731711387634,27.169756565224713,-22.323806665865337,31.63745474442443,32.01343919665679,-8.015914331719456,-10.0,40.0,0.0,-1.0231964886137601,-1.9224544989825845,67.42936918460423,-1.1443324280665195,-1.0357571056531953,-5.64718525260954,0.43037037078446766,-20.139386628713332,36.43008587870622,29.979918981158754,-0.484586413949728,30.2446186542511,-14.75106030702591,-9.404131948926807,5.123571210123508,0
GUIDED_NOGPS,46.23793435096741,32.668717725038746,-22.344478656103867,32.555384106194225,31.460142744411726,-8.154896517951265,-10.0,40.0,0.0,-0.9163343370675026,-1.8893929683051378,67.20232686640384,-1.5460570245157683,-0.979574261589891,-5.799938073583903,0.43143839787962673,-20.016618580874788,36.92657287350771,29.690811497733968,0.11665078345686197,27.736899256706238,-11.67968064546585,-9.385878923255959,6.494984829889681,0
GUIDED_NOGPS,46.275596380233765,26.558330378400285,-22.306665960856524,33.400107935058095,30.99755330336648,-8.212071349739716,-10.0,40.0,0.0,-0.643128958061961,-1.91634788297777,66.95202092389037,-1.1078329130617053,-0.9196165077572297,-5.230751929559352,0.4323168623856185,-19.738196588474096,37.95429879973324,29.183418027395277,0.11665078345686197,27.736899256706238,-11.67968064546585,-9.243472363957636,6.494984829889681,0
GUIDED_NOGPS,46.305267333984375,33.70895384442284,-22.242387903875702,34.313085616185106,30.521751937166727,-8.217104468868369,-10.0,40.0,0.0,-0.44443043081323913,-2.096522083423771,66.65126720416721,-1.7002267640932665,-0.7461652076709475,-4.964188101071262,0.4332322398651791,-19.317605434311766,39.364942861261184,28.39371820232173,1.5428072772920132,27.192801237106323,-9.182633459568024,-8.989834590466671,11.317030935800629,0
GUIDED_NOGPS,46.33882236480713,29.807297070653952,-22.16950260509451,35.13487486477165,29.947383385019712,-8.168001786385489,-10.0,40.0,0.0,-0.31431057800858897,-2.294297681360895,66.30766770778055,-1.3581671865711262,-0.7896209178870595,-4.60764199913114,0.43434084867068967,-19.317605434311766,39.364942861261184,28.39371820232173,0.4526074044406414,27.47190296649933,-20.30094265937805,-8.989834590466671,10.223643154407588,0
GUIDED_NOGPS,46.371800661087036,30.328235608870763,-22.15708432968223,35.9802096675909,29.4531460976808,-8.062709317014475,-10.0,40.0,0.0,-0.488347159794246,-2.457221598727794,65.90724786768855,-1.5039496661264207,-0.8976767875953906,-4.200570875064874,0.4352903790930409,-19.027279552781753,40.34543797157465,27.889626721587746,-3.213999420404434,23.689764738082886,-11.828809231519699,-8.762186763662163,13.875180959233234,0
GUIDED_NOGPS,46.40963315963745,26.436299690527363,-22.129682923240658,36.83973408910456,28.959404999088495,-7.932661219225394,-10.0,40.0,0.0,-0.542173692848148,-2.796176566478847,65.37415160296905,-1.378980059110216,-0.8913891936861064,-4.0717818724821875,0.4362340574615217,-18.693924774330803,41.26663285701369,27.393905815052623,-3.213999420404434,23.689764738082886,-11.828809231519699,-8.50682519436928,13.875180959233234,0
GUIDED_NOGPS,46.44343590736389,29.592995279857195,-22.05253741913431,37.791345533487124,28.374306932010747,-7.781180085225944,-10.0,40.0,0.0,-0.381639007669431,-2.7118841347146616,64.94529085517313,-1.78274302666865,-0.7225957054452233,-3.7714745964613816,0.4373659298156789,-18.534702257024307,41.73323560213188,27.1477657803643,0.5603602156043053,25.391587615013123,-14.566363394260406,-8.355376603434486,15.07183180936676,0
GUIDED_NOGPS,46.47900056838989,28.11987288646938,-21.892011833455452,38.69895062834556,27.837901932990494,-7.605227754846418,-10.0,40.0,0.0,-0.5547845165726658,-2.642511610862135,64.3524782465402,-1.653584262976885,-0.5733901186715823,-3.5738505188843863,0.4383991302928778,-17.937276939591612,43.03120937859646,26.54794853185958,2.8868354856967926,26.32284164428711,-15.491116046905518,-7.7589844245333675,13.327527853845147,0
GUIDED_NOGPS,46.51034688949585,31.908951204296823,-21.6975150892295,39.6812811358621,27.229894316341575,-7.372826301706324,-10.0,40.0,0.0,-0.7109893420652706,-2.4184794850950126,63.832345680865394,-2.1002805497655346,-0.3811493121035707,-2.927295930682898,0.43958131356872643,-17.37574171003222,44.39063884387372,25.86650038278961,4.011737182736397,25.99809765815735,-17.101365327835083,-7.175146654145903,14.877506097290727,0
GUIDED_NOGPS,46.54417848587036,29.564209739834073,-21.42796026177151,40.582035399212714,26.816630559510582,-7.057824818839632,-10.0,40.0,0.0,-0.9127971528510822,-2.3192005510747613,63.21585280638004,-1.8098864948276432,-0.28904085198002993,-2.3895942655314,0.4403712153145631,-17.165119614104174,44.9021444517974,25.646419872369187,7.450689375400543,27.3264080286026,-9.883778542280197,-6.945457124947611,18.697717984990774,0
GUIDED_NOGPS,46.57744383811951,30.069497515897538,-21.15722348804944,41.520351229961605,26.375006504217527,-6.731474441559669,-10.0,40.0,0.0,-1.2241645596576303,-2.2830379010707174,62.552347739837494,-1.9933333550407888,-0.23531232941975272,-2.0744013375916524,0.4412194109787228,-16.929168912962616,45.35078747117618,25.42383148425366,7.450689375400543,27.3264080286026,-9.883778542280197,-6.699156268643547,18.697717984990774,0
GUIDED_NOGPS,46.61103630065918,29.773020244754253,-20.850966035202617,42.50113524167726,25.904398736238942,-6.328775846606892,-10.0,40.0,0.0,-1.3436068524379936,-2.2435805385657885,62.08385823447715,-2.1297086225955444,-0.13349485683207074,-1.3816590785072949,0.4421260789498218,-15.811327098239678,47.70635639734733,24.56112308892161,6.696460396051407,26.475024223327637,-11.429567635059357,-5.24822935250291,19.205795266780516,0
GUIDED_NOGPS,46.646188259124756,28.452162587507463,-20.51986245730715,43.45728084694398,25.512757609909016,-5.926074605666898,-10.0,40.0,0.0,-1.6589229623584554,-1.8559952642544795,61.313392405532205,-2.0378395377778427,-0.11734803043513226,-1.2837959656280926,0.4428731826710252,-15.811327098239678,47.70635639734733,24.56112308892161,8.636375516653061,26.570677757263184,-7.668530195951462,-5.24822935250291,19.384455939995124,0
GUIDED_NOGPS,46.67973756790161,29.81174614230985,-20.0753382383896,44.47992521778837,25.07262839391159,-5.387748078338189,-10.0,40.0,0.0,-2.095465538536535,-1.6103698155914794,60.602690731824865,-2.3106171670434046,0.2040883917819518,-0.0239615694839741,0.4437197893076111,-14.95385188326147,49.078617867974074,23.921095002439998,13.88317495584488,26.790186762809753,-8.59108418226242,-4.319139901771094,24.714728738083902,0
GUIDED_NOGPS,46.71438646316528,28.86631200060564,-19.641331934727823,45.42712323437036,24.638496592821543,-4.902051601276078,-10.0,40.0,0.0,-2.2989511746197895,-1.4064290114330669,60.040934993347996,-2.1832837776808813,0.1629570546993884,-0.13360302652335942,0.4445539548561302,-14.680702937553166,49.53091389724322,23.70397519470818,12.753981351852417,25.599780678749084,-10.65603643655777,-3.9810578581742826,21.309595983981993,0
GUIDED_NOGPS,46.751392126083374,27.02759269521735,-19.14986848601436,46.435577153229275,24.175923868030264,-4.340883424006009,-10.0,40.0,0.0,-2.627418173456876,-1.2331987654954415,59.311060978640434,-2.2432803991774435,0.24090439680309517,0.42530206216605837,0.44544327849484305,-13.18138076602796,51.72742377986057,22.607912932836307,12.753981351852417,25.599780678749084,-10.65603643655777,-2.2968950011694385,21.309595983981993,0
GUIDED_NOGPS,46.78061604499817,34.228039823731024,-18.64808532698418,47.389540651742514,23.75400324910482,-3.8669512404536386,-10.0,40.0,0.0,-2.732085486402032,-1.2379007104087607,58.80014916834514,-2.6649722299673004,0.5804250498689358,0.9523578036184053,0.4462595990276166,-13.18138076602796,51.72742377986057,22.607912932836307,14.24085944890976,26.122385263442993,-10.389360040426254,-2.2968950011694385,17.28823673277236,0
GUIDED_NOGPS,46.820119857788086,25.31859641074242,-18.194059549232374,48.18066422334586,23.397836163469563,-3.3517063475740128,-10.0,40.0,0.0,-2.66596391915102,-1.0662937016160712,58.26908829999831,-1.907475904640331,0.13982411517962248,0.5853055844317341,0.446934786554489,-12.431217647032497,52.317374420046306,22.402954288640103,10.565255582332611,21.44051343202591,-9.766489267349243,-1.51773745435186,20.125372663043304,0
GUIDED_NOGPS,46.8511700630188,32.21233718358319,-17.577804219551087,49.19580737035304,22.93619149479284,-2.822972096718864,-10.0,40.0,0.0,-2.5589672982554776,-0.8137776592975859,57.60369810124484,-2.7807890870775775,0.8092399239315178,1.7103999676692343,0.4478295764857331,-11.796514543891508,53.12479358476856,21.897476766376734,17.686517536640167,21.252967417240143,-8.076675981283188,-0.7741718905241648,14.705690981171763,0
GUIDED_NOGPS,46.88509750366211,29.637744755121222,-17.03757002147511,49.93344804472444,22.619631603602244,-2.2384208081980272,-10.0,40.0,0.0,-2.251117438871486,-0.4222030209024607,57.16293233372558,-2.150476512341816,0.5363300424849831,2.122099775538816,0.4484321698524052,-11.796514543891508,53.12479358476856,21.897476766376734,15.95538705587387,18.827234208583832,-7.238130271434784,-0.7741718905241648,23.39509520930242,0
GUIDED_NOGPS,46.92221140861511,26.81917233618088,-16.464265305280307,50.74098744523281,22.267139191219595,-1.6174916244191229,-10.0,40.0,0.0,-1.839421596790032,0.18622041196534328,56.5897223680106,-2.2056112176499787,0.5229649713667304,2.3653562386395834,0.44910399656386374,-11.054495811471414,54.0264222527766,21.412489061284198,15.95538705587387,18.827234208583832,-7.238130271434784,-0.14003847256360022,23.39509520930242,0
GUIDED_NOGPS,46.95114064216614,34.577938994229186,-15.823127745174373,51.620636035609714,21.847878422430313,-1.0809677932071233,-10.0,40.0,0.0,-1.5983372634297381,0.6051551873499529,56.039612102068595,-2.8497281324461587,1.0587545353687204,3.092577494925445,0.4499174522648222,-10.386137098740706,54.69188946950113,21.060435405999975,17.674104869365692,18.307456374168396,-8.773084729909897,0.485634152958471,15.117974859852072,0
GUIDED_NOGPS,46.985135078430176,29.423594693754428,-15.281544336654092,52.25378852796621,21.604222635894487,-0.6324181379974338,-10.0,40.0,0.0,-1.298417894002366,0.8434481077738271,55.60372650471131,-2.1243688778368846,0.624626032150494,2.252954234167807,0.4503753137610742,-10.386137098740706,54.69188946950113,21.060435405999975,15.947306156158447,17.053592205047607,-5.23933507502079,0.485634152958471,16.187572238592313,0
GUIDED_NOGPS,47.020869970321655,27.988522467936313,-14.690375314668008,52.99337136870965,21.30373304138299,-0.11941532110131498,-10.0,40.0,0.0,-1.0099896775233057,0.9924797405340376,55.02245691577571,-2.3124618522498217,0.6954589471183558,2.7767619364346037,0.45094559829384057,-9.71470804257898,55.2763113281173,20.72727094240428,15.947306156158447,17.053592205047607,-5.23933507502079,1.0714887036284497,16.187572238592313,0
GUIDED_NOGPS,47.05447506904602,29.763512890200893,-14.14544078056932,53.718159091818684,20.98523627888657,0.25495860208176047,-10.0,40.0,0.0,-0.6790138114658559,1.2460385606397135,54.634908567174605,-2.444222288064484,0.7191136314250697,2.389176251413351,0.4515544858483312,-9.71470804257898,55.2763113281173,20.72727094240428,13.036790490150452,16.12885594367981,-6.31045401096344,1.0714887036284497,7.661675909002593,0
GUIDED_NOGPS,47.096222162246704,23.957868281258925,-13.627615449237654,54.353253848977474,20.672002789369824,0.5991723142973023,-10.0,40.0,0.0,-0.48378566064573525,1.370245764139807,54.235100029013324,-2.075810973805784,0.48362116500220653,2.008160128006038,0.45214642490339413,-9.71470804257898,55.2763113281173,20.72727094240428,13.667778670787811,16.019006073474884,-8.794302493333817,1.0714887036284497,8.70776206907236,0
GUIDED_NOGPS,47.120808362960815,40.682690255873055,-13.094020909946403,55.15089858557462,20.16308043846933,1.0820531020301098,-10.0,40.0,0.0,-0.4263841105307134,1.4891112261004216,53.814800923342005,-3.2648878461976745,1.1371516937764983,4.562268858669457,0.4531443641166008,-8.386073837295474,56.24342822330503,19.984229043862705,7.267680764198303,14.819112420082092,-14.403694868087769,2.198984967057846,9.720600575809794,0
GUIDED_NOGPS,47.15541338920593,28.904904656563776,-12.736211124994533,55.56240340965009,19.896474700382488,1.5187795721656452,-10.0,40.0,0.0,-0.40446528643220203,1.8034188159012485,53.31996054816375,-1.9588467802002036,0.3907519210330133,3.4402276303586863,0.4536500881906737,-8.386073837295474,56.24342822330503,19.984229043862705,6.779395043849945,14.796896278858185,-11.681608110666275,2.198984967057846,19.062374954588588,0
GUIDED_NOGPS,47.19001889228821,28.90191700775899,-12.270229830065052,56.17120012514861,19.582319237201457,2.052785058578654,-10.0,40.0,0.0,-0.49865300811729607,2.146900491524727,52.83560792845605,-2.403233442765866,0.6295088444912843,4.36171519220135,0.4542516721690832,-8.065063821914988,56.46528087355331,19.814479476744218,8.62109437584877,16.212482750415802,-8.808942139148712,2.402765124628036,19.16488243365214,0
GUIDED_NOGPS,47.222633838653564,30.667739057953,-11.825969713695018,56.77198649947529,19.34024549637398,2.576995518375342,-10.0,40.0,0.0,-0.7103935147818928,2.408802814588397,52.45615335402141,-2.4745698939699747,0.6274370638169853,4.71152227772223,0.4547101960977926,-7.472403125421465,56.92561165003592,19.42768434263128,6.7243792116642,16.46592617034912,-4.240686446428299,2.833392215093415,18.392647585712158,0
GUIDED_NOGPS,47.256062746047974,29.919350581722984,-11.460823167883053,57.30181567912875,19.06031327974489,3.0571982354142393,-10.0,40.0,0.0,-1.1856783646753126,2.5829152221460117,51.87835691627876,-2.362710754459148,0.470562512775341,4.7046364919103105,0.45524455028261873,-7.472403125421465,56.92561165003592,19.42768434263128,3.716813400387764,15.872155129909515,-8.73546376824379,2.833392215093415,18.277808200102147,0
GUIDED_NOGPS,47.30143189430237,22.044537881375977,-11.12076005865377,57.83007607635371,18.735120613062083,3.454533344909762,-10.0,40.0,0.0,-2.0025216049714705,2.539016529133282,51.26297394753354,-2.1222806673738472,0.2603430722220472,3.825962065856498,0.4558609682757081,-7.226260825918866,57.156037466597795,19.219533994387156,1.8866751343011856,15.468236804008484,-11.190138757228851,3.0376488028126825,12.9095928474003,0
GUIDED_NOGPS,47.33152198791504,33.2422210598063,-10.777691575626628,58.36315492952223,18.398096177636692,3.8688374867366755,-10.0,40.0,0.0,-2.2440251411920737,2.5660709084357025,51.04820547927166,-2.579867815161288,0.5198967146851917,5.079409150795719,0.45651290804523337,-6.796317584965399,57.680551007832065,18.80268938915448,1.8866751343011856,15.468236804008484,-11.190138757228851,3.556632313217857,12.9095928474003,0
GUIDED_NOGPS,47.3577766418457,38.09955671826175,-10.552247930888223,58.75915738241509,18.169111160596596,4.314526483968159,-10.0,40.0,0.0,-2.2641665152807953,2.4654408776202583,50.85382512568226,-2.4251906130491703,0.33165964766573697,5.974738104270186,0.4569517458411362,-6.796317584965399,57.680551007832065,18.80268938915448,-2.6039453223347664,13.182811439037323,-7.914987951517105,3.556632313217857,19.134216591826075,0
GUIDED_NOGPS,47.39057540893555,30.49471434180105,-10.278866620523308,59.0627832756286,17.981269945277102,4.2167812179391495,-10.0,40.0,0.0,-1.890761140573256,2.932001494870309,51.40508969359399,-2.0733204942636,0.3702733248566944,1.9340775981082674,0.4573038361890338,-6.796317584965399,57.680551007832065,18.80268938915448,4.272074997425079,14.333580434322357,-8.777103573083878,3.556632313217857,-10.70469935406711,0
GUIDED_NOGPS,47.42616152763367,28.10837761947205,-9.98672501493262,59.468117062191865,17.83541170083957,4.06806488254424,-10.0,40.0,0.0,-1.9025282758527187,3.135717863281463,52.217421167056536,-2.28882393032697,0.41192726420009745,1.5555685343914172,0.45757158334982123,-6.593112246853659,57.92603358981353,18.568319415099957,1.6839578747749329,12.224944680929184,-1.5694046393036842,3.7772158355466376,-18.724273760483786,0
GUIDED_NOGPS,47.46173334121704,28.11440675125849,-9.72336870713978,59.85845356020859,17.642804379095843,3.82567295682768,-10.0,40.0,0.0,-2.198004393781586,3.1253297858841083,52.68114320037621,-2.2021871102357085,0.33300381808046164,1.0045148072737606,0.45793029549192615,-6.453108035708695,58.20442368812161,18.40304297867219,-0.0676194904372096,11.594608426094055,-4.865575209259987,4.003999292001266,-24.16987430270823,0
GUIDED_NOGPS,47.49047064781189,34.8075020746888,-9.532216272262197,60.23030955193448,17.347764527644053,3.7507064275322746,-10.0,40.0,0.0,-2.8405170873535117,2.982994406553155,53.47304557803125,-2.3963000459286175,0.31597819934962734,1.727659319560801,0.4585004732832695,-6.277618103410884,58.69222972318669,18.08864380257655,-4.332271218299866,10.705456137657166,-9.183213859796524,4.313906230676325,-15.43041161815055,0
GUIDED_NOGPS,47.5267231464386,27.592653018262197,-9.401451379334542,60.475662994012716,17.107629685043335,3.568688402715204,-10.0,40.0,0.0,-3.2920775419691566,2.641286445679764,53.984541369500576,-1.9993722328655417,0.14554180659861293,1.1373881700759454,0.45895592671174873,-6.152419231369893,58.81369573305506,17.93076391987274,-5.866787955164909,7.992636412382126,-10.710597783327103,4.042169714568929,-16.773947393932495,0
GUIDED_NOGPS,47.570552349090576,22.818320793415047,-9.232573818976473,60.816214136845346,16.791632566183164,3.4432328699260273,-10.0,40.0,0.0,-3.5791382265103335,2.3954882145751033,54.525215729104204,-2.0919313318437287,0.1767277119318556,1.493872749069861,0.45955846141679424,-6.054085456397919,58.92161805699405,17.79014514851078,-6.078612059354782,7.157116383314133,-11.552512645721436,3.7346610269378795,-14.232651716050544,0
GUIDED_NOGPS,47.59540605545044,40.247416349207874,-9.090451272140326,61.0300832120742,16.535159348118917,3.344774876396773,-10.0,40.0,0.0,-3.5979144165386985,2.1756803473662223,54.91447845518698,-2.2143431492119405,0.3469026579149168,1.155404103595561,0.46005611161314686,-5.973003264162714,59.14808712196122,17.535003740094623,-6.008289009332657,2.5733357295393944,-4.00729775428772,3.0941163133712077,-11.23011165597034,0
GUIDED_NOGPS,47.62793731689453,30.750029325513196,-9.049449367117985,61.018046394895414,16.38283278043537,3.1853002595693884,-10.0,40.0,0.0,-3.3004889199320275,2.063230247305248,55.26114129141639,-1.5709259114210226,0.0457485033352326,0.9785722763495823,0.46033835322025696,-5.973003264162714,59.14808712196122,17.535003740094623,-8.066070824861526,-1.1048326268792152,-9.550272673368454,3.0941163133712077,-10.331372313091613,0
GUIDED_NOGPS,47.662933588027954,28.577977338229985,-8.960091253020027,61.15080585964885,16.14053207056373,3.0425597350705935,-10.0,40.0,0.0,-2.7067471921285775,2.2153637464439964,55.70830694618796,-1.8703052558042512,0.1469358116114328,0.9634436659053542,0.46080157494924434,-5.989381537586393,59.244207469073984,17.405719375635144,-8.066070824861526,-1.1048326268792152,-9.550272673368454,2.8219600817375357,-10.331372313091613,0
GUIDED_NOGPS,47.696398973464966,29.887158146759965,-8.801593491251289,61.236561134473654,15.94189172830087,2.7222019102139963,-10.0,40.0,0.0,-2.218556006107331,2.3389455607482104,56.3133455934352,-1.7798623981557518,0.3004007757832046,-0.17531109296346958,0.46117626570244935,-6.035163381628195,59.299706377035974,17.250297766559925,-2.1432168781757355,-2.5302723050117493,-7.399635016918182,2.614863515407873,-20.323456686710134,0
GUIDED_NOGPS,47.729634284973145,30.097116081487382,-8.762207765668693,61.26235833389042,15.687875200163514,2.5602838652810336,-10.0,40.0,0.0,-2.038789055690592,2.3452549479940097,56.83544866868556,-1.664642489681564,0.08384413120565469,0.5595829525824734,0.4616634903791077,-6.035163381628195,59.299706377035974,17.250297766559925,-9.874317795038223,-6.077136844396591,-11.165882647037506,2.614863515407873,-10.280137356580056,0
GUIDED_NOGPS,47.7674605846405,26.439632620384902,-8.753019607758176,61.25518905309768,15.430489293175315,2.37125724014647,-10.0,40.0,0.0,-2.1715060345662867,2.157214290614858,57.245799603830754,-1.5987970246384535,0.026786063982293773,0.41914016409800925,0.46215501203681153,-6.377136454459234,59.28487569702694,16.728006635424634,-9.874317795038223,-6.077136844396591,-11.165882647037506,2.0780254568512406,-10.280137356580056,0
GUIDED_NOGPS,47.79763126373291,33.15183610237278,-8.76364102024169,61.27917803901811,15.183258018249424,2.125795587432975,-10.0,40.0,0.0,-2.1101205631744433,1.8707320377190169,57.91068778368023,-1.6630312854236131,-0.01127799169571811,-0.34163205816735953,0.46263103720657145,-6.377136454459234,59.28487569702694,16.728006635424634,-11.601361632347107,-6.2337905168533325,-8.539966493844986,2.0780254568512406,-13.411396600437381,0
GUIDED_NOGPS,47.83448815345764,27.136533322981567,-8.784408891285079,61.20372241365283,15.027219913510416,1.9413415828997123,-10.0,40.0,0.0,-2.1095438390764003,1.6407754698988488,58.49486020301308,-1.4730745962199576,-0.016277327733287716,0.1640531869355959,0.46292095542648143,-6.5222381314576,59.22166227724134,16.576859555866342,-9.763430058956146,-6.450353562831879,-7.360202074050903,1.8296325316177227,-9.500694097744772,0
GUIDED_NOGPS,47.86581039428711,31.933001895741814,-8.797617192031554,61.1172536640543,14.794557020299958,1.7372724432448765,-10.0,40.0,0.0,-2.1375155981617184,0.9852389929618837,59.075883905138554,-1.4211236490362178,-0.0006734327721631475,-0.2597747590267725,0.463367732567514,-6.5222381314576,59.22166227724134,16.576859555866342,-9.385228157043457,-8.810719847679138,-10.704813152551651,1.8296325316177227,-10.424996277365917,0
GUIDED_NOGPS,47.89901351928711,30.12694923897975,-8.889962278495439,60.92890527493187,14.638497578086552,1.400024858209801,-10.0,40.0,0.0,-1.8085482879679282,0.5341676439238352,59.44964551689999,-1.20564704236407,-0.1648579416124154,-1.2361602401473721,0.46366082878732723,-6.6926971073799315,59.15746122421494,16.42868360892965,-13.518297672271729,-13.14181536436081,-7.4949972331523895,1.6510997437301511,-18.64662816999908,0
GUIDED_NOGPS,47.93968176841736,24.592234717450193,-8.901037383928905,60.68219601134952,14.37878436343888,1.2964996208878088,-10.0,40.0,0.0,-1.1909228827408245,0.3528455714908753,59.68383221297222,-1.166721036214739,0.016818676492554235,0.25861096695899444,0.4641573228206587,-6.867408443396476,59.048615521986484,16.267910095067535,-7.38411545753479,-16.99584424495697,-13.451160490512848,1.4156227555496075,-3.6238217509473802,0
GUIDED_NOGPS,47.971105337142944,31.829767858362487,-8.95938928725405,60.42679618879992,14.131221747627247,1.1000932141079154,-10.0,40.0,0.0,-0.8965464252683294,-0.06259523529804879,59.83903460148242,-1.0428602077793574,-0.08691487846126436,-0.5353732489331219,0.4646338742209629,-6.867408443396476,59.048615521986484,16.267910095067535,-10.378996282815933,-17.428632080554962,-12.525835633277893,1.4156227555496075,-8.16185663833815,0
GUIDED_NOGPS,48.00478935241699,29.69355695100281,-9.045654123856547,60.16134307319343,13.879176777588878,1.055346760667168,-10.0,40.0,0.0,-0.6180439143963256,-0.7511595522039668,59.87964007609815,-1.0151925626182026,-0.14834647078321622,0.367464258352399,0.46511926814052557,-6.867408443396476,59.048615521986484,16.267910095067535,-11.95886805653572,-17.17970073223114,-14.268586039543152,1.4156227555496075,-0.6100870108175251,0
GUIDED_NOGPS,48.03812098503113,30.010976037321388,-9.079050603223749,59.888887188958975,13.586942733715516,1.081664284690889,-10.0,40.0,0.0,0.8294942447429026,-1.2941615122106847,60.089067336429075,-0.9762010714478119,-0.04213304717189316,0.8075070162011546,0.4656856892559015,-6.867408443396476,59.048615521986484,16.267910095067535,-8.102486282587051,-17.552772164344788,-16.678476333618164,1.4156227555496075,3.5720753840217174,0
GUIDED_NOGPS,48.07331871986389,28.41746388791024,-9.077451416685035,59.76603146467485,13.734750228165206,0.9135281027799498,-10.0,40.0,0.0,1.4534202860359315,-0.9274936922325397,60.15467130340705,-1.266386626945054,0.029985692417652105,-0.44419227934314665,0.46537145661355184,-6.867408443396476,59.048615521986484,16.267910095067535,-5.56851290166378,-7.328975945711136,9.985372424125671,1.4156227555496075,-8.634547563811699,0
GUIDED_NOGPS,48.108580589294434,28.36384784446323,-9.07855013115099,59.64193827396527,13.88665949527071,0.7463669847381634,-10.0,40.0,0.0,0.7394161625040406,-0.9569720416383743,60.36439909206146,-1.2735302622855555,0.028113696543166162,-0.46212256957985387,0.46504722967891776,-6.867408443396476,59.048615521986484,16.267910095067535,-5.56851290166378,-7.328975945711136,9.985372424125671,1.4156227555496075,-8.634547563811699,0
GUIDED_NOGPS,48.14284801483154,29.190356884360558,-9.102874574653285,59.61578985122211,13.631377563319523,0.9113864981761315,-10.0,40.0,0.0,0.9595660194190982,-0.9322750380949603,60.526247254634086,-1.4409944682547808,-0.028227986229934554,1.5146325690832914,0.46553919927346443,-6.867408443396476,59.048615521986484,16.267910095067535,-6.790748238563538,-0.9568560868501663,-15.021313726902008,1.4156227555496075,11.676728334287365,0
GUIDED_NOGPS,48.177757024765015,28.65216173567325,-9.012326880380005,59.49888800803797,13.804898070439824,1.1720064629097995,-10.0,40.0,0.0,1.206005221088682,-0.44238073373200065,60.50808578163102,-1.2704925748279197,0.20772717699681323,2.19061311631399,0.4651728073935442,-6.867408443396476,59.048615521986484,16.267910095067535,0.8191202767193317,-6.621973216533661,10.21449789404869,1.4156227555496075,16.546380858713302,0
GUIDED_NOGPS,48.21058249473572,30.469902799773344,-9.097484451587624,59.42559550009273,13.765424351015264,1.2165295493278805,-10.0,40.0,0.0,0.8257488464785027,-0.960009554828326,60.49366042210395,-1.327652788113748,-0.16683014002288926,1.0044212309537908,0.4652338933719768,-6.867408443396476,59.048615521986484,16.267910095067535,-10.667096078395844,-3.747829422354698,-3.057476691901684,1.4156227555496075,3.373942695257049,0
GUIDED_NOGPS,48.24445819854736,29.52446115076516,-9.179181125238395,59.3516364599367,13.749623217214209,1.2664455050942134,-10.0,40.0,0.0,0.8663183025185273,-0.8704340784628417,60.614185940198,-1.3292417362134854,-0.15844025831316028,1.0511281878941472,0.46524664448255665,-6.867408443396476,59.048615521986484,16.267910095067535,-10.667096078395844,-3.747829422354698,-3.057476691901684,1.4156227555496075,3.373942695257049,0
GUIDED_NOGPS,48.27600836753845,31.70417627272384,-9.171657461157116,59.34213707348942,13.872452430546884,1.1455648677303805,-10.0,40.0,0.0,1.022914743310497,-0.8471087156429837,60.601461297774264,-1.4536268014422817,0.026158051950887332,-0.0790989391497946,0.4649834826314956,-6.867408443396476,59.048615521986484,16.267910095067535,-4.504435509443283,0.3703385591506958,5.4809074848890305,1.4156227555496075,-6.85615754923714,0
GUIDED_NOGPS,48.311625719070435,28.080714486563206,-9.227837244903787,59.32609051416263,13.977794509160308,0.6380091392047309,-10.0,40.0,0.0,1.037416729022315,-0.7588758516970829,60.557051407790844,-1.44144454705153,-0.09295753061501344,-2.46647916129821,0.4647528790613363,-6.867408443396476,59.048615521986484,16.267910095067535,-8.81531909108162,-0.10140705853700638,3.766338899731636,1.4156227555496075,-30.4678756231611,0
GUIDED_NOGPS,48.34452819824219,30.399234638410135,-9.15417761595697,59.39095254475063,13.997881104704561,0.8973513621676006,-10.0,40.0,0.0,0.9582527021077517,-0.8001230972905256,60.4744266094012,-1.6079868777890263,0.17166224197536645,2.1146691649683373,0.46469428126817497,-6.867408443396476,59.048615521986484,16.267910095067535,0.39656106382608414,5.097949504852295,-0.7753598503768444,1.4156227555496075,16.21544965568972,0
GUIDED_NOGPS,48.378432750701904,29.500165284606023,-9.05218929017801,59.43301470621566,14.042519789588964,1.287869913536206,-10.0,40.0,0.0,0.9744940381803958,-0.8254814018838144,60.42672456823783,-1.566618147811724,0.22459084402905677,3.074673352913442,0.4645859457567812,-6.867408443396476,59.048615521986484,16.267910095067535,2.0053841173648834,3.560275584459305,-0.08137304103001952,1.4156227555496075,23.54498371063835,0
GUIDED_NOGPS,48.41226649284363,29.560459232216733,-8.997499054658626,59.466632785060405,14.138174505299666,1.4253419435003243,-10.0,40.0,0.0,0.9873537902836489,-0.7957215206181283,60.39751184915768,-1.5518724226808778,0.12890796528701037,1.6681357725089323,0.4643755094426083,-6.867408443396476,59.048615521986484,16.267910095067535,-1.065879873931408,2.9675040394067764,3.179509937763214,1.4156227555496075,8.165973534860376,0
GUIDED_NOGPS,48.44684982299805,28.922245207557577,-8.943313848047326,59.50057283582887,14.237985398759236,1.56366444815747,-10.0,40.0,0.0,0.9973428352230868,-0.8092498842081022,60.46396275959274,-1.5548773192091858,0.12723850214755006,1.7437115632200029,0.464156328104844,-6.867408443396476,59.048615521986484,16.267910095067535,-1.065879873931408,2.9675040394067764,3.179509937763214,1.4156227555496075,8.165973534860376,0
GUIDED_NOGPS,48.47961091995239,30.528674056875005,-8.883441810297146,59.53199690887094,14.296750364459836,1.514926136358175,-10.0,40.0,0.0,0.9509594474563533,-0.8154002561122871,60.52812555665584,-1.5559348930651011,0.15074285945667476,0.6130374175555136,0.4640199605534338,-6.867408443396476,59.048615521986484,16.267910095067535,-0.6694014649838209,2.797749824821949,0.4561563953757286,1.4156227555496075,-3.123530457924633,0
GUIDED_NOGPS,48.51931691169739,25.19116631331119,-8.743578594045399,59.52475710020751,14.397483087194134,1.6079668196202903,-10.0,40.0,0.0,0.8868609502209868,-0.8315434082156122,60.554121256636904,-1.486040939103133,0.2825959084066899,1.4341779013612517,0.46379566497733704,-6.867408443396476,59.048615521986484,16.267910095067535,4.650074988603592,0.34461929462850094,2.9022078961133957,1.4156227555496075,5.521913392047352,0
GUIDED_NOGPS,48.55285906791687,29.817256357212425,-8.643391147840994,59.493907992156934,14.50202422684714,1.556550237953681,-10.0,40.0,0.0,0.8816492490800026,-0.8705237246956982,60.574167861850896,-1.43536989082717,0.25601469821725187,0.6279949536692228,0.4635670845941306,-6.867408443396476,59.048615521986484,16.267910095067535,2.3007281124591827,-1.3580506667494774,3.8044653832912445,1.4156227555496075,-3.3946938771726054,0
GUIDED_NOGPS,48.586448669433594,29.777036285026657,-8.597144126326166,59.463976298844756,14.581164065334702,1.4344965583927238,-10.0,40.0,0.0,0.8906331889943908,-0.8560040231807203,60.660959075634246,-1.432036589732376,0.15108101445571617,0.13362241767328786,0.4633892230752812,-6.867408443396476,59.048615521986484,16.267910095067535,-1.4599448069930077,-1.0482131503522396,1.3843124732375145,1.4156227555496075,-7.279176777745417,0
GUIDED_NOGPS,48.62095761299133,28.98420288853569,-8.552396109108956,59.43391810990814,14.660304880974055,1.3118108347360176,-10.0,40.0,0.0,0.8616277234668739,-0.7832011435392603,60.72811349555381,-1.4312281311967663,0.15255399507567813,0.07614747517003073,0.46321070218242416,-6.867408443396476,59.048615521986484,16.267910095067535,-1.4599448069930077,-1.0482131503522396,1.3843124732375145,1.4156227555496075,-7.279176777745417,0
GUIDED_NOGPS,48.65413188934326,30.148171042890105,-8.492029745395751,59.421213712813795,14.774197273938016,1.342503434420801,-10.0,40.0,0.0,0.9319428134248626,-0.8467025328307795,60.74258666640507,-1.4635310483029857,0.19296547971121641,0.9902988934223143,0.46296328682098054,-6.867408443396476,59.048615521986484,16.267910095067535,-0.34133384469896555,0.04220979171805084,3.5535775125026703,1.4156227555496075,1.8977584559345226,0
GUIDED_NOGPS,48.68874549865723,28.89614263766698,-8.404014075892768,59.413604796565394,14.771381378811467,1.3110492266992615,-10.0,40.0,0.0,1.0544021288276675,-0.8013502901853063,60.76357583772452,-1.4752307453443816,0.2523677271646262,0.6047745622604473,0.4629484793749073,-6.867408443396476,59.048615521986484,16.267910095067535,1.5380374155938625,0.36386321298778057,-3.6324962973594666,1.4156227555496075,-1.863560552533915,0
GUIDED_NOGPS,48.72799634933472,25.48334649735707,-8.359619689621688,59.40929689164773,14.731955223282442,1.290768594328323,-10.0,40.0,0.0,1.0777041729548122,-0.8290590869875788,60.83135863504772,-1.4803561593509185,0.15811654206444192,0.6707844153880974,0.46300427746072603,-6.867408443396476,59.048615521986484,16.267910095067535,-1.1920768767595291,0.5457373335957527,-5.752403289079666,1.4156227555496075,-1.1839898138464384,0
GUIDED_NOGPS,48.76419997215271,27.625365545222227,-8.317522916673408,59.40618670308791,14.685593257466522,1.2689121802471444,-10.0,40.0,0.0,1.0840288214045382,-0.8171986235764103,60.849069315565565,-1.4822688899194172,0.16417573086168388,0.6409869785922654,0.4630756671598282,-6.867408443396476,59.048615521986484,16.267910095067535,-1.1920768767595291,0.5457373335957527,-5.752403289079666,1.4156227555496075,-1.1839898138464384,0
GUIDED_NOGPS,48.79637813568115,31.08711023487819,-8.225937361688198,59.40328547540669,14.77583043066296,1.2535721882665387,-10.0,40.0,0.0,0.9653104219544906,-0.8104215284550238,60.90183935709309,-1.4848629191338536,0.2963207629254112,0.6542169021046773,0.4628766759603548,-6.867408443396476,59.048615521986484,16.267910095067535,2.0174745470285416,0.6264247465878725,2.1748092025518417,1.4156227555496075,-0.954457891693575,0
GUIDED_NOGPS,48.8302526473999,29.52383767993524,-8.168502804649151,59.40435751261973,14.89101889354477,1.3032063638842113,-10.0,40.0,0.0,1.007886833032588,-0.8468155511172021,60.918839697937244,-1.4917898867307937,0.2111470937790785,1.0676059043722668,0.4626256018055243,-6.867408443396476,59.048615521986484,16.267910095067535,-0.059956341283395886,0.8966597728431225,3.614535927772522,1.4156227555496075,2.8309132010502394,0
GUIDED_NOGPS,48.86952066421509,25.470347474403972,-8.107443442693707,59.38889257463535,14.993514434173525,1.2908218750113791,-10.0,40.0,0.0,0.9785985549847503,-0.8050956350888535,60.92116196225505,-1.4634819820053186,0.21083606731904042,0.7113934162845386,0.46239706868054775,-6.867408443396476,59.048615521986484,16.267910095067535,0.29374232981354,-0.2003198955208063,3.0597204342484474,1.4156227555496075,-0.814836765505761,0
GUIDED_NOGPS,48.89826416969299,34.8008595869668,-8.046465129886338,59.38238013692726,15.039378164064031,1.2756131115490297,-10.0,40.0,0.0,1.006149510384172,-0.7830832694152247,60.99895098671232,-1.4751523883698074,0.2568568391625321,0.6590181133800965,0.4622881353251264,-6.867408443396476,59.048615521986484,16.267910095067535,0.31988024711608887,0.2919676946476102,-0.25469029787927866,1.4156227555496075,-0.9127168981283346,0
GUIDED_NOGPS,48.92991805076599,31.59646241694665,-7.939755131694321,59.3761126345508,15.136971800061234,1.4011313347785497,-10.0,40.0,0.0,1.027967909357543,-0.7728674942118541,61.03067721540704,-1.4799825646531855,0.3491486219640814,1.6310904541182913,0.46207371791351953,-6.867408443396476,59.048615521986484,16.267910095067535,3.5557199269533157,0.44465060345828533,2.7325235307216644,1.4156227555496075,7.29029120307232,0
GUIDED_NOGPS,48.96837854385376,26.006510457034082,-7.8764883689956235,59.394212592679736,15.198378264083784,1.2365885107767165,-10.0,40.0,0.0,1.032652778797937,-0.8361204353723141,61.11847246699838,-1.527053416991397,0.2566092517404074,-0.251686931661972,0.461930770659289,-6.867408443396476,59.048615521986484,16.267910095067535,0.8330199867486954,1.9223885610699654,0.7216634694486856,1.4156227555496075,-10.061251138022303,0
STABILIZE,48.99780082702637,33.99748725389273,-7.865303242228665,59.40344148697643,15.185371547696393,1.1600653354345687,-10.0,40.0,0.0,0.9992167616549033,-0.8097318394314111,61.15616828102768,-1.50774282575516,0.14934444740794242,0.2465322331637817,0.4619361030716205,-6.867408443396476,59.048615521986484,16.267910095067535,-2.506440691649914,1.3220510445535183,-3.779684007167816,1.4156227555496075,-4.738453128206455,0
STABILIZE,49.0330331325531,28.38861288968906,-7.8258413491139205,59.37518994810184,15.241940034186195,1.1872247651397507,-10.0,40.0,0.0,0.8728105040463301,-0.8041810834311593,61.112031598611054,-1.435209438815028,0.21294562499239456,0.8739564029424874,0.46180247564227983,-6.867408443396476,59.048615521986484,16.267910095067535,-0.5382278934121132,-1.0813345201313496,0.6391394417732954,1.4156227555496075,1.540186740383542,0
STABILIZE,49.06800389289856,28.600192290645264,-7.812110726760603,59.355875582222644,15.286534539989647,1.2216929940857237,-10.0,40.0,0.0,0.9561858228318824,-0.8655608452117434,61.18822918899172,-1.4541719825721071,0.15655575497129298,0.9179615301067329,0.46169049509017507,-6.867408443396476,59.048615521986484,16.267910095067535,-2.10677832365036,-0.5099116358906031,-0.0313466414809227,1.4156227555496075,1.920719844376813,0
STABILIZE,49.09924030303955,32.02198775404254,-7.769075482442295,59.35452353547986,15.299521569758562,1.2441199584709068,-10.0,40.0,0.0,0.9465606989091593,-0.8524029660233898,61.2479318725268,-1.4869615555413285,0.23618144788992007,0.8994663091726682,0.4616465793557434,-6.867408443396476,59.048615521986484,16.267910095067535,-0.1267867279238999,0.5922698881477118,-1.8935518339276314,1.4156227555496075,1.2206758270956348,0
STABILIZE,49.13176512718201,30.75296032613079,-7.738147920940658,59.346986562367086,15.314897941659556,1.1697115540645329,-10.0,40.0,0.0,0.883200395712683,-0.884679078307138,61.35923663524133,-1.4742946740099527,0.20260954955603672,0.2607300704668427,0.46159515891343383,-6.867408443396476,59.048615521986484,16.267910095067535,-0.6916162557899952,0.2648870926350355,-1.7058130353689194,1.4156227555496075,-4.807228010506606,0
STABILIZE,49.165403842926025,29.73460562321882,-7.696205821665143,59.340777056458464,15.337068029175258,1.1477071592783636,-10.0,40.0,0.0,0.967748799488185,-0.8775472935965869,61.33321361450358,-1.477476771805124,0.22835281133359864,0.5603485432018586,0.46152977139977114,-6.867408443396476,59.048615521986484,16.267910095067535,0.05937930545769632,0.2895524026826024,-1.1655128560960293,1.4156227555496075,-1.5418902322512256,0
STABILIZE,49.19899249076843,29.77682488747533,-7.66132520558063,59.32120399606331,15.409667448225626,1.1483989179810026,-10.0,40.0,0.0,1.003763106321193,-0.8650383357402374,61.367159654678545,-1.4502387241451138,0.2190429023578291,0.6931500379137072,0.4613638270828973,-6.867408443396476,59.048615521986484,16.267910095067535,-0.3071257844567299,-0.5690998863428831,2.0351240411400795,1.4156227555496075,-0.18304095890670233,0
STABILIZE,49.23273277282715,29.6473814791515,-7.631558362979834,59.34292981414395,15.449980038525599,1.1136406920915605,-10.0,40.0,0.0,0.9707468256469975,-0.8069894117579453,61.50957592906248,-1.5317937271881952,0.21045065021875217,0.46157665770697753,0.46126240834052445,-6.867408443396476,59.048615521986484,16.267910095067535,-0.5367303732782602,2.054235152900219,0.08925190195441246,1.4156227555496075,-2.369481202093222,0
STABILIZE,49.26644420623779,29.670241362723182,-7.652191282706673,59.31227223426559,15.52971195102929,1.1191818890482421,-10.0,40.0,0.0,0.990163986240286,-0.7768040310513086,61.53566042150276,-1.4268275266590216,0.10576127357549558,0.7043824920713747,0.46108200276909267,-6.867408443396476,59.048615521986484,16.267910095067535,-3.7629324942827225,-1.3025465421378613,2.615826390683651,1.4156227555496075,0.0387288801412648,0
STABILIZE,49.299418449401855,30.331086749009284,-7.648570554347123,59.276956033024895,15.631452181761144,1.018893282579857,-10.0,40.0,0.0,0.987703837478612,-0.7807951560432703,61.5260161943947,-1.4150243236529176,0.15936122126158717,0.004678816831456212,0.4608578495892823,-6.867408443396476,59.048615521986484,16.267910095067535,-2.073274366557598,-1.6062557697296143,4.042785614728928,1.4156227555496075,-6.3943244901097955,0
STABILIZE,49.33445644378662,28.54569089312816,-7.5731493205165155,59.30638138355005,15.75096983283479,1.2315179836533516,-10.0,40.0,0.0,0.9980923417627898,-0.7933034202085323,61.58649068930599,-1.5455023544794169,0.3012281408056189,1.9527237178533832,0.46059674139483997,-6.867408443396476,59.048615521986484,16.267910095067535,2.7443651109933853,2.5189487263560295,5.255376920104027,1.4156227555496075,12.565060176418285,0
STABILIZE,49.36749887466431,30.270451281385093,-7.533831644285914,59.306614333567275,15.804898592914956,1.206133337513973,-10.0,40.0,0.0,1.0003945423999072,-0.8037408563948109,61.62441872976707,-1.4903641836632737,0.23916171983590442,0.5701962339343262,0.4604679721255467,-6.867408443396476,59.048615521986484,16.267910095067535,0.4042768385261297,0.6170994602143764,1.1480063199996948,1.4156227555496075,-1.9428026997371104,0
STABILIZE,49.39979267120361,30.9718733154634,-7.557828257034081,59.28158896226138,15.844043939565069,1.206823002330707,-10.0,40.0,0.0,1.0006069185944124,-0.7955755786854721,61.642771448066895,-1.4351355614568346,0.10287069841070838,0.7283717192751693,0.46036924704341575,-6.867408443396476,59.048615521986484,16.267910095067535,-3.6655180156230927,-0.9920054115355015,0.4524441435933113,1.4156227555496075,-0.3691113201537169,0
STABILIZE,49.43612623214722,27.528363185287766,-7.520879502668002,59.308855098617144,15.835974356586732,1.2936576850202386,-10.0,40.0,0.0,1.0046952136994882,-0.8003924628759179,61.69136141382237,-1.5398614594134694,0.2249992067986381,1.2539267729317147,0.46036235888288374,-6.867408443396476,59.048615521986484,16.267910095067535,0.437858235090971,2.3468438535928726,-2.348130941390991,1.4156227555496075,4.872569868975179,0
STABILIZE,49.46840691566467,30.984228294513514,-7.48209714264533,59.30514250670384,15.854208157557078,1.3146828097756944,-10.0,40.0,0.0,1.0022887459558223,-0.8028577876403222,61.71499386835061,-1.4842657495501843,0.24222857237743192,0.9190952891427429,0.46030542322025014,-6.867408443396476,59.048615521986484,16.267910095067535,0.5852737464010715,0.3057135967537761,-0.7491187192499638,1.4156227555496075,0.838622098877537,0
STABILIZE,49.511303424835205,23.315289474415632,-7.455797876886656,59.287327866778874,15.892879728077665,1.3717484744428399,-10.0,40.0,0.0,0.9871795137381078,-0.8074549851994168,61.790576741705976,-1.4632629000056003,0.20257104304537554,1.0895851792042275,0.46020085861798876,-6.867408443396476,59.048615521986484,16.267910095067535,-0.1444764551706612,-0.5619050469249487,0.7574394810944796,1.4156227555496075,3.069608675748321,0
STABILIZE,49.54547619819641,29.26816741797273,-7.426000620512223,59.28564848370535,15.93702968570091,1.394711564214253,-10.0,40.0,0.0,0.9875781193092015,-0.7993260995917496,61.80055564808336,-1.488032940036953,0.2219820290970772,0.9707901343678151,0.46009070413642983,-6.867408443396476,59.048615521986484,16.267910095067535,0.027519819559529424,0.388782168738544,0.8129703812301159,1.4156227555496075,0.8298508019619184,0
STABILIZE,49.577648401260376,31.093332542588996,-7.403536481624801,59.282251108135256,15.972412647872249,1.401024607480298,-10.0,40.0,0.0,0.9904319644435032,-0.8048163977456763,61.837875801708314,-1.4842764916270441,0.21234275839760894,0.880116528754418,0.4599995169404843,-6.867408443396476,59.048615521986484,16.267910095067535,-0.26097227819263935,0.3535526804625988,0.7473097648471594,1.4156227555496075,0.05611683422082476,0
STABILIZE,49.60982656478882,31.080660101223426,-7.421629912865273,59.27562160134964,15.988035204800424,1.3739007685671254,-10.0,40.0,0.0,0.9986857144469347,-0.8053431760854135,61.881459238802165,-1.4755610591297486,0.12333957891547967,0.6567842715459264,0.459947566801407,-6.867408443396476,59.048615521986484,16.267910095067535,-2.827327139675617,0.14140320708975196,-0.3608047729358077,1.4156227555496075,-1.912292031271252,0
STABILIZE,49.644479274749756,28.863729578705424,-7.41345652081666,59.265022535401954,15.998013659572319,1.3668258469679835,-10.0,40.0,0.0,0.988418766185642,-0.7977554228869111,61.9111978824484,-1.4698062587132332,0.18025922092272242,0.7788762365126524,0.4599056425571088,-6.867408443396476,59.048615521986484,16.267910095067535,-1.0722522623836994,-0.13212569756433368,-0.6702023092657328,1.4156227555496075,-0.7008476317257124,0
STABILIZE,49.67724061012268,30.529785127816922,-7.4060657817269595,59.25473019210638,16.007640638473614,1.359664602437964,-10.0,40.0,0.0,1.0051483540622361,-0.805730682599106,61.92282969460493,-1.4692843868826642,0.180161600934169,0.7724773944895198,0.45986521943739467,-6.867408443396476,59.048615521986484,16.267910095067535,-1.0722522623836994,-0.13212569756433368,-0.6702023092657328,1.4156227555496075,-0.7008476317257124,0
STABILIZE,49.71684002876282,25.257610155304377,-7.396708857464863,59.25087514988858,16.033045879753605,1.3261122106203564,-10.0,40.0,0.0,1.003875377555675,-0.8038060099961905,61.97379656619157,-1.4833616350886547,0.18251827185362285,0.626023443555332,0.45978904065845033,-6.867408443396476,59.048615521986484,16.267910095067535,-0.893156137317419,0.27185059152543545,0.41482336819171906,1.4156227555496075,-2.265575028353699,0
STABILIZE,49.75108480453491,29.208448526800325,-7.383573267071225,59.239959125427795,16.051590444556364,1.3245713934306824,-10.0,40.0,0.0,0.982383653723701,-0.8012275602236577,62.03229030624355,-1.4687156544836886,0.19465758746897377,0.7856698953004163,0.45973014376693977,-6.867408443396476,59.048615521986484,16.267910095067535,-0.5901174154132605,-0.20878170616924763,-0.12772898189723492,1.4156227555496075,-0.29942908991101214,0
STABILIZE,49.784318923950195,30.09452468591027,-7.373110863057594,59.24096068909202,16.100181402319812,1.3322230519544467,-10.0,40.0,0.0,1.0090767800520513,-0.8050276000014178,62.03730366509434,-1.4920089668640182,0.1898377288510991,0.8452776735754947,0.4596115107783083,-6.867408443396476,59.048615521986484,16.267910095067535,-0.7349615916609764,0.5539858713746071,1.944369450211525,1.4156227555496075,0.24026545771183275,0
STABILIZE,49.817545652389526,30.102516255903083,-7.36828342201637,59.2424864631554,16.121246136444576,1.3584524434974716,-10.0,40.0,0.0,0.9822759715225675,-0.800844109134785,62.08919261221893,-1.4933986518640536,0.17772434127506428,0.9717843930745598,0.4595477953191525,-6.867408443396476,59.048615521986484,16.267910095067535,-1.0585498064756393,0.5750752985477448,0.33443006686866283,1.4156227555496075,1.350243875320542,0
STABILIZE,49.851879358291626,29.130145501267492,-7.364104223444321,59.24420727320659,16.14127566785893,1.3846027985714149,-10.0,40.0,0.0,1.0000897452081954,-0.8077779784419644,62.12330257693397,-1.4943387164842554,0.17588716769347418,0.9830985387095996,0.4594855695874684,-6.867408443396476,59.048615521986484,16.267910095067535,-1.0585498064756393,0.5750752985477448,0.33443006686866283,1.4156227555496075,1.350243875320542,0
STABILIZE,49.885119676589966,30.089559091496046,-7.358341677047792,59.23447533336511,16.162135495343886,1.4220047089554781,-10.0,40.0,0.0,1.0037291688187544,-0.8139225340131843,62.154550692386785,-1.4719942666960615,0.17966436807293232,1.0782341789060366,0.459422359780698,-6.867408443396476,59.048615521986484,16.267910095067535,-0.9185635484755039,-0.15459343558177352,0.43650148436427116,1.4156227555496075,2.02389732230926,0
STABILIZE,49.93388032913208,20.51144821650382,-7.329190465937623,59.23311363777109,16.17747848163588,1.4279221018456587,-10.0,40.0,0.0,0.9869000095906661,-0.8034536149237,62.20596152626947,-1.4900291718019232,0.23044341815429067,0.8920227911929508,0.4593699602222701,-6.867408443396476,59.048615521986484,16.267910095067535,0.6262450013309717,0.3677928354591131,0.19379183650016785,1.4156227555496075,0.17169836257283835,0
STABILIZE,49.95220446586609,54.58987674566918,-7.300600770359563,59.23195735264204,16.192260900683902,1.4336829597452583,-10.0,40.0,0.0,0.99046088602577,-0.8097759154958989,62.22815281088284,-1.4908472467050264,0.23195898976259904,0.8946729053138969,0.45931874179308924,-6.867408443396476,59.048615521986484,16.267910095067535,0.6262450013309717,0.3677928354591131,0.19379183650016785,1.4156227555496075,0.17169836257283835,0
STABILIZE,49.986266136169434,29.363446069405843,-7.2763765439615655,59.22659469643687,16.217479382699242,1.4142428222902041,-10.0,40.0,0.0,0.9840103059632218,-0.8043944734818693,62.27268564427133,-1.4826743932284996,0.22469219816508573,0.734713714750245,0.45924614796015856,-6.867408443396476,59.048615521986484,16.267910095067535,0.3763382788747549,0.09459927096031606,0.9044610895216465,1.4156227555496075,-1.3193796378434295,0
STABILIZE,50.022095918655396,27.91494346202738,-7.287082247907861,59.22453337460033,16.22531944864799,1.3807231132239717,-10.0,40.0,0.0,0.981858262766139,-0.8074235022962113,62.298961382008365,-1.4874672446947732,0.15331704203665159,0.6355675243554004,0.4592079084546624,-6.867408443396476,59.048615521986484,16.267910095067535,-1.8666649237275124,0.2934686606749892,-0.13281168648973107,1.4156227555496075,-2.1501158030765106,0
STABILIZE,50.05297231674194,32.39420128671502,-7.270365699833944,59.22200410776575,16.229787278750692,1.3577626261972304,-10.0,40.0,0.0,0.9805285103121021,-0.810882406141441,62.34410210223298,-1.487768794601144,0.21368824368775283,0.6708623424834896,0.4591782408793927,-6.867408443396476,59.048615521986484,16.267910095067535,-0.037321296986192465,0.257096323184669,-0.282141356728971,1.4156227555496075,-1.4916847133136353,0
STABILIZE,50.08786654472351,28.662930869529564,-7.260188550532483,59.22066355654342,16.253413309812583,1.3672928735860175,-10.0,40.0,0.0,0.978225135736221,-0.8126242111015001,62.439977467612444,-1.4904579594471223,0.1981432738733181,0.8750348355322548,0.4591083175303281,-6.867408443396476,59.048615521986484,16.267910095067535,-0.434452248737216,0.32987568993121386,0.9896486066281796,1.4156227555496075,0.46815541306039576,0
STABILIZE,50.11930775642395,31.811420640277895,-7.243500683032559,59.213853419744055,16.284041298129218,1.4242497340024571,-10.0,40.0,0.0,1.000070962187978,-0.8132105935139162,62.42484859860087,-1.4794361250278194,0.2152551487077968,1.2170740446157686,0.459026594222544,-6.867408443396476,59.048615521986484,16.267910095067535,0.029882934177294374,-0.035700545413419604,1.432817056775093,1.4156227555496075,3.3322896403773723,0
STABILIZE,50.15447688102722,28.438272944239532,-7.235282536112489,59.197880450034674,16.297035469010375,1.4836619069252859,-10.0,40.0,0.0,0.9891802255563926,-0.811380476342323,62.4158668998423,-1.4630224566619563,0.194114453247754,1.227650884474641,0.45897765180622324,-6.867408443396476,59.048615521986484,16.267910095067535,-0.500429468229413,-0.6235467735677958,0.4305776208639145,1.4156227555496075,3.5102775399587345,0
STABILIZE,50.19403100013733,25.28791404902871,-7.224537446802626,59.207656937547796,16.305493175018373,1.4834020731426518,-10.0,40.0,0.0,0.98380998932147,-0.8123689861421237,62.48822592390942,-1.5135886404502372,0.2008523122649545,0.8884282820275147,0.45893972303695685,-6.867408443396476,59.048615521986484,16.267910095067535,-0.29812692664563656,1.0080782696604729,0.07386190118268132,1.4156227555496075,-0.16260095080477804,0
STABILIZE,50.22068500518799,37.52822017823271,-7.211709298065585,59.1948937273113,16.310808678743694,1.4603426382827602,-10.0,40.0,0.0,0.9846930047151058,-0.8121703770476644,62.52347653021585,-1.4687903537187241,0.20712488010772148,0.7393475164913055,0.45890710615523994,-6.867408443396476,59.048615521986484,16.267910095067535,-0.13389989035204053,-0.4383113235235214,0.015996285947039723,1.4156227555496075,-1.4641403746599722,0
STABILIZE,50.25636029243469,28.033605806826763,-7.206631548214142,59.17949337318016,16.32215955273477,1.4750683566890448,-10.0,40.0,0.0,0.986246232421049,-0.807828938056475,62.5307984930061,-1.4645406524298816,0.19061560780842723,0.9669286244559867,0.45886092290385994,-6.867408443396476,59.048615521986484,16.267910095067535,-0.617162836715579,-0.6181421689689159,0.39484319277107716,1.4156227555496075,0.8323155931177939,0
STABILIZE,50.28850746154785,31.112706772494622,-7.20217038027789,59.183210769826886,16.329493662292272,1.4801880406608172,-10.0,40.0,0.0,0.9848925743049171,-0.8091718706411759,62.567312684308995,-1.5006169739398378,0.18985421580995004,0.9199820897000537,0.4588252684847372,-6.867408443396476,59.048615521986484,16.267910095067535,-0.6291555240750313,0.6019060034304857,0.18038786947727203,1.4156227555496075,0.25233941789541703,0
STABILIZE,50.33341407775879,22.272808857499403,-7.1967071374463645,59.17134615575191,16.349483522184975,1.463125849271382,-10.0,40.0,0.0,0.988996450779037,-0.8148425818387262,62.611906989400005,-1.474640862237104,0.19078713125235397,0.7978508889556623,0.4587574015457577,-6.867408443396476,59.048615521986484,16.267910095067535,-0.5420313216745853,-0.4092130344361067,1.0713493451476097,1.4156227555496075,-1.0462306612593935,0
STABILIZE,50.35563540458679,45.00953995729018,-7.191731848352273,59.15965324601752,16.369911605292565,1.446198106871933,-10.0,40.0,0.0,0.9888056323690997,-0.8108524173421164,62.63384555701409,-1.4612321570177058,0.19731204245432205,0.7294599548929721,0.4587005113663539,-6.867408443396476,59.048615521986484,16.267910095067535,-0.5420313216745853,-0.4092130344361067,1.0713493451476097,1.4156227555496075,-1.0462306612593935,0
STABILIZE,50.389182567596436,29.814500995166334,-7.1813886635107895,59.15729237244612,16.379189601095355,1.4617851100433281,-10.0,40.0,0.0,0.9901443494464222,-0.8154121022216289,62.65064782237232,-1.4882217140997767,0.20461272846540218,0.9701100450061805,0.458660003071913,-6.867408443396476,59.048615521986484,16.267910095067535,-0.19671032205224037,0.1708235708065331,0.6856029387563467,1.4156227555496075,1.02505995631841,0
STABILIZE,50.43066430091858,24.113094519469023,-7.175596357122457,59.14980283410269,16.3913142511842,1.4561591572923527,-10.0,40.0,0.0,0.9880123699300262,-0.8177948243857583,62.692243674417696,-1.4801553024219212,0.19421481395044876,0.8452120632155552,0.4586098533079925,-6.867408443396476,59.048615521986484,16.267910095067535,-0.43638418428599834,-0.16739257844164968,0.6067267153412104,1.4156227555496075,-0.35361938389907016,0
STABILIZE,50.45591950416565,39.6025304503824,-7.179043329708552,59.14647307541007,16.390790857814054,1.4564616889486097,-10.0,40.0,0.0,0.9913993967064121,-0.8139492144396296,62.7270912995631,-1.4841635156590325,0.17472869408215927,0.8760962211762359,0.4585930244074185,-6.867408443396476,59.048615521986484,16.267910095067535,-1.011437177658081,0.1084043295122683,-0.325893796980381,1.4156227555496075,-0.006808204498621772,0
STABILIZE,50.490551471710205,28.881418488552246,-7.177353418077669,59.145584298720024,16.38907733956154,1.4653340257447058,-10.0,40.0,0.0,0.9841085966542465,-0.8146242292286973,62.744385338541576,-1.4911710661720796,0.1868172755736572,0.9305428837151344,0.4585737942684759,-6.867408443396476,59.048615521986484,16.267910095067535,-0.7110173813998699,0.2368084155023098,-0.031200202647596598,1.4156227555496075,0.6100674273845142,0
STABILIZE,50.523273229599,30.565604891308308,-7.173442680093878,59.14425419631277,16.398148602152883,1.4577311526507697,-10.0,40.0,0.0,0.9894470298208462,-0.8211748608904155,62.78170549216652,-1.4906534112853687,0.1923822664835081,0.8282091161130605,0.45853417008355096,-6.867408443396476,59.048615521986484,16.267910095067535,-0.4907192662358284,0.20548934116959572,0.5069082137197256,1.4156227555496075,-0.4601587556461918,0
STABILIZE,50.557817459106445,28.956788887584832,-7.172758561117132,59.143502396225834,16.3937523932797,1.4564286875528478,-10.0,40.0,0.0,0.9856951215323936,-0.8213043143195284,62.83078040135307,-1.4920872664149132,0.18554851950226534,0.8662379506590548,0.4585205432269129,-6.867408443396476,59.048615521986484,16.267910095067535,-0.7020826451480389,0.23145030718296766,-0.2974947215989232,1.4156227555496075,-0.045595741557426704,0
STABILIZE,50.59237742424011,28.94000593385818,-7.171302851338897,59.141884220468924,16.401837647181942,1.4612422062238453,-10.0,40.0,0.0,0.9910807256929487,-0.8221829541232271,62.841415005890774,-1.4909036747822209,0.18717786589087146,0.9043722736796936,0.45848151082464395,-6.867408443396476,59.048615521986484,16.267910095067535,-0.6220723036676645,0.16453205607831478,0.496736541390419,1.4156227555496075,0.3316567772207619,0
STABILIZE,50.62490177154541,30.754087782845243,-7.170861625512003,59.137887846264405,16.40321970130229,1.4609338205004478,-10.0,40.0,0.0,0.9894047680253567,-0.8221933061286879,62.874507272419486,-1.4860116733239979,0.1854408419846561,0.8746611285238746,0.4584574383117822,-6.867408443396476,59.048615521986484,16.267910095067535,-0.6727378349751234,0.0006090784154366702,0.09169930126518011,1.4156227555496075,0.016328767830105523,0
STABILIZE,50.658998250961304,29.33448965604062,-7.173114593620319,59.137829240455766,16.406927231612308,1.4563767778093526,-10.0,40.0,0.0,0.9863955360874372,-0.8209255589857101,62.926157162923126,-1.4941819562558318,0.17959329010066674,0.8468444781828249,0.4584278549291402,-6.867408443396476,59.048615521986484,16.267910095067535,-0.8656795136630535,0.24957151617854834,0.31307118479162455,1.4156227555496075,-0.22892558278146619,0
STABILIZE,50.69449806213379,28.173894352195173,-7.169464768425844,59.13587277091695,16.418857490022813,1.4553678653931437,-10.0,40.0,0.0,0.9879725627337698,-0.8224097377480126,62.938861314779345,-1.4910620041222273,0.19250306614502113,0.8671097616086003,0.45838230852910156,-6.867408443396476,59.048615521986484,16.267910095067535,-0.44173896312713623,0.1171823707409203,0.8349884301424026,1.4156227555496075,-0.009770225421946228,0
STABILIZE,50.72597026824951,31.783216889198734,-7.165991258011701,59.12996199241414,16.428631834418656,1.4578394201166263,-10.0,40.0,0.0,0.9849778449478365,-0.8222086206934676,62.97782754399427,-1.4835593359284547,0.19246759281955894,0.8893319999443602,0.45834055404484514,-6.867408443396476,59.048615521986484,16.267910095067535,-0.4461920354515314,-0.1476030214689672,0.7181341294199228,1.4156227555496075,0.20915390602178502,0
STABILIZE,50.760679721832275,28.816928890415664,-7.165408868675492,59.129777227616145,16.420365577453715,1.45298294062983,-10.0,40.0,0.0,0.9869091876573634,-0.8207349006583314,63.013528942785925,-1.4948768056909574,0.1863870016229094,0.8442434283952789,0.45833392698687614,-6.867408443396476,59.048615521986484,16.267910095067535,-0.6235212553292513,0.21923065651208162,-0.41956272907555103,1.4156227555496075,-0.24412792968747496,0
STABILIZE,50.7914924621582,32.45762397077942,-7.167344652794881,59.122608441726,16.423135700120174,1.448801570709531,-10.0,40.0,0.0,0.9874872991375815,-0.8222888754162152,63.040310114521546,-1.479843383608416,0.1812145793076641,0.8421854922126064,0.4583081113949228,-6.867408443396476,59.048615521986484,16.267910095067535,-0.783828180283308,-0.24269446730613708,0.30381581746041775,1.4156227555496075,-0.1974505636419533,0
STABILIZE,50.826760053634644,28.362697033425526,-7.155619307289267,59.12641304287474,16.440841778410757,1.4603107038969707,-10.0,40.0,0.0,0.9877078929034318,-0.8253826843059665,63.05753585160832,-1.5034925834563684,0.20917660955182588,0.9416317533278195,0.45824956911310516,-6.867408443396476,59.048615521986484,16.267910095067535,0.12162779457867146,0.4656666424125433,1.3105296529829502,1.4156227555496075,0.7806311247814843,0
STABILIZE,50.85961651802063,30.43960781183096,-7.150537868613611,59.12815119630431,16.44923719195184,1.4542130742243708,-10.0,40.0,0.0,0.9825589974862999,-0.8256045053714333,63.109035477950215,-1.5001347005565016,0.1973968462442737,0.8355254536577101,0.458211092907448,-6.867408443396476,59.048615521986484,16.267910095067535,-0.2820423571392894,0.3203396452590823,0.6505153141915798,1.4156227555496075,-0.3244312908525347,0
STABILIZE,50.893210649490356,29.774076992425694,-7.146526550880257,59.124605982348704,16.452311330642836,1.4659183138521326,-10.0,40.0,0.0,0.9887887703395862,-0.8286392437970346,63.13492872509374,-1.4900086502610046,0.1953610010825675,0.9493814213319525,0.45818288224400017,-6.867408443396476,59.048615521986484,16.267910095067535,-0.3683322109282017,-0.027577896253205836,0.3770285053178668,1.4156227555496075,0.7871090256007125,0
STABILIZE,50.93457913398743,24.176195608943505,-7.148211339655304,59.125268129296835,16.44867348378782,1.4600351663242472,-10.0,40.0,0.0,0.9893675221500391,-0.8267216681875534,63.1645239347674,-1.4982170553979988,0.18399463131870153,0.8474776042175935,0.4581630358292824,-6.867408443396476,59.048615521986484,16.267910095067535,-0.7341389078646898,0.24037163238972425,-0.04240036942064762,1.4156227555496075,-0.3018641857522539,0
STABILIZE,50.96030068397522,38.89016226240148,-7.147611163064146,59.123918064996005,16.450222600422162,1.4552647456401837,-10.0,40.0,0.0,0.9884924041626312,-0.8275873413039997,63.192971672660505,-1.4941325521040287,0.18881311906204584,0.836319087555617,0.45814289633786964,-6.867408443396476,59.048615521986484,16.267910095067535,-0.47340174205601215,0.09173458674922585,0.150989624671638,1.4156227555496075,-0.24851387162997518,0
STABILIZE,50.99810814857483,26.453306423638484,-7.1443027917762425,59.12136615401601,16.452524641486566,1.4517488913810044,-10.0,40.0,0.0,0.9854849864937099,-0.8273389998946462,63.225865863703284,-1.4934872196031295,0.19389267923900597,0.8521626155024165,0.45811379051869017,-6.867408443396476,59.048615521986484,16.267910095067535,-0.48270211555063725,0.035409501288086176,0.5163142457604408,1.4156227555496075,-0.12509875663019165,0
STABILIZE,51.04021334648132,23.75326484613032,-7.147964083196474,59.12135088280088,16.452220789273415,1.4461484325402942,-10.0,40.0,0.0,0.9904073117294677,-0.8285324687304002,63.264463262703025,-1.4981543544769234,0.18144887274024898,0.8414536256265316,0.45808630187503147,-6.867408443396476,59.048615521986484,16.267910095067535,-0.8026780560612679,0.17631682567298412,0.14511874178424478,1.4156227555496075,-0.2756433563328394,0
STABILIZE,51.06779742240906,36.263143788419804,-7.1466833811434745,59.11949087259075,16.44550213699131,1.4550530539291948,-10.0,40.0,0.0,0.988241501432339,-0.8294850666762054,63.27956481095792,-1.4941615328809437,0.1908348645124565,0.9394182899512589,0.4580820920900671,-6.867408443396476,59.048615521986484,16.267910095067535,-0.5168845877051353,0.06027983035892248,-0.16103486996144056,1.4156227555496075,0.6168164013364273,0
STABILIZE,51.1012237071991,29.924687147729056,-7.1433716155499365,59.11933820484683,16.443017194730785,1.4476221543946515,-10.0,40.0,0.0,0.985429811371821,-0.8303947624962865,63.32044349314045,-1.498879478576814,0.19488774163741246,0.8239875340070413,0.4580651381293831,-6.867408443396476,59.048615521986484,16.267910095067535,-0.5007124971598387,0.1828247681260109,0.24659009650349617,1.4156227555496075,-0.37053770911233885,0
STABILIZE,51.13430690765381,30.23183266300509,-7.1371645254484894,59.11997421125066,16.444392508993598,1.4499884655975233,-10.0,40.0,0.0,0.9865593539058117,-0.8288563691074469,63.35874719400588,-1.5010693563009463,0.20125772360561694,0.8839494856377537,0.45804008230312104,-6.867408443396476,59.048615521986484,16.267910095067535,-0.143726437818259,0.2115404000505805,0.345294876024127,1.4156227555496075,0.218497578125936,0
STABILIZE,51.16772770881653,29.92660877755025,-7.140305704421664,59.12099545219854,16.44684376765414,1.4472376935398694,-10.0,40.0,0.0,0.9848606645148884,-0.8300219835779918,63.382441120236656,-1.5018551925217176,0.18169454751468847,0.8518795349334424,0.458013195313878,-6.867408443396476,59.048615521986484,16.267910095067535,-0.7748187985271215,0.23149852640926838,0.4146695602685213,1.4156227555496075,-0.10348124792774098,0
STABILIZE,51.20169496536255,29.446730835386873,-7.129977269012425,59.12574300887733,16.447347145900906,1.4396838922384998,-10.0,40.0,0.0,0.9849509510779796,-0.8316681658896707,63.41741851897629,-1.5104738862297031,0.2105716521508514,0.8192818062595325,0.45798986758791493,-6.867408443396476,59.048615521986484,16.267910095067535,0.141408434137702,0.47332472167909145,0.30473072547465563,1.4156227555496075,-0.40044331886726947,0
STABILIZE,51.23828911781311,27.333359400456175,-7.134041785657461,59.120647731222235,16.442136596298095,1.4459523397580047,-10.0,40.0,0.0,0.9857323674077113,-0.8334575687305082,63.449657011858754,-1.4916569449816448,0.18144234639504925,0.9020635023059113,0.45797638369438526,-6.867408443396476,59.048615521986484,16.267910095067535,-0.8291875943541527,-0.17762520583346486,-0.06134136347100139,1.4156227555496075,0.4592887069398085,0
STABILIZE,51.27163338661194,29.999599462134867,-7.1341741168359984,59.121404831035406,16.437398353090774,1.44864177372018,-10.0,40.0,0.0,0.9879057549459506,-0.8320070073055268,63.47425252305997,-1.5029454565041116,0.18869429028043735,0.885322491362123,0.4579639447678784,-6.867408443396476,59.048615521986484,16.267910095067535,-0.5174801219254732,0.1977985491976142,-0.05147078190930188,1.4156227555496075,0.22693087405913157,0
STABILIZE,51.306355237960815,28.804658956679393,-7.135639670006667,59.12250956879641,16.4348630721015,1.4474592717368047,-10.0,40.0,0.0,0.9820860068862766,-0.8310714848326467,63.51308214849149,-1.5040124598868887,0.18595615121713985,0.86165917713055,0.4579462064590782,-6.867408443396476,59.048615521986484,16.267910095067535,-0.6412950810045004,0.2267120173200965,0.13632610207423568,1.4156227555496075,-0.008281711090346242,0
STABILIZE,51.33970308303833,29.994879643005277,-7.137277700366593,59.12369664173624,16.432443176429828,1.4463023968806468,-10.0,40.0,0.0,0.9865170921103223,-0.8338578818488945,63.530669885604276,-1.5047644976745802,0.18542357323213193,0.8608797727844878,0.45792901066406516,-6.867408443396476,59.048615521986484,16.267910095067535,-0.6412950810045004,0.2267120173200965,0.13632610207423568,1.4156227555496075,-0.008281711090346242,0
STABILIZE,51.37323546409607,29.82573758950984,-7.138033171681668,59.1231699904312,16.43559708292441,1.4420588639860201,-10.0,40.0,0.0,0.9841202293201767,-0.83649065296967,63.58728532363451,-1.501886511504893,0.18745176379187362,0.8399513252187104,0.45790063513530427,-6.867408443396476,59.048615521986484,16.267910095067535,-0.5954169202595949,0.1192950177937746,0.5035777110606432,1.4156227555496075,-0.19456460861442454,0
STABILIZE,51.40698599815369,29.635441249205115,-7.141185796736079,59.12005488295669,16.434469299477605,1.4368087435900811,-10.0,40.0,0.0,0.9853493432056617,-0.8358068336398753,63.601785815242444,-1.4969952501286585,0.18254632713392197,0.8310480208553574,0.4578806508423817,-6.867408443396476,59.048615521986484,16.267910095067535,-0.7550331298261881,-0.047631034976802766,0.23944887798279524,1.4156227555496075,-0.2555312506719286,0
STABILIZE,51.44111704826355,29.303542858739775,-7.141590441997284,59.11478617034387,16.42714494685561,1.441888060671531,-10.0,40.0,0.0,0.9826792728487156,-0.8347539172906355,63.649870346999336,-1.493185479949023,0.18823817838096396,0.8948511953131719,0.4578728383671332,-6.867408443396476,59.048615521986484,16.267910095067535,-0.5551057867705822,-0.18957866122946143,-0.15851323259994388,1.4156227555496075,0.3742029593756969,0
STABILIZE,51.47399163246155,30.424593243821587,-7.140471639065067,59.11523980711075,16.42804917870523,1.431328758711817,-10.0,40.0,0.0,0.9738477315301833,-0.8324353348716806,63.70235352058171,-1.5046213931742691,0.19160686926671192,0.7945111869523825,0.4578494428023351,-6.867408443396476,59.048615521986484,16.267910095067535,-0.4499157890677452,0.17863387474790215,0.36072826478630304,1.4156227555496075,-0.5819592245983549,0
STABILIZE,51.507654428482056,29.71101508819154,-7.139405639381844,59.11591008862395,16.426554027864505,1.4343340234816242,-10.0,40.0,0.0,0.9683889162794622,-0.8336186117845324,63.735486768245444,-1.505528226606738,0.1915009979533693,0.8784509735319477,0.4578303089149044,-6.867408443396476,59.048615521986484,16.267910095067535,-0.4662906751036644,0.19168639555573463,0.2173620741814375,1.4156227555496075,0.24450150901856293,0
STABILIZE,51.54062032699585,30.340521263590396,-7.138307606245846,59.11746805563684,16.427859321025757,1.4398465906820597,-10.0,40.0,0.0,0.9685125000147571,-0.8328192128473766,63.79488209326787,-1.5078883232350042,0.191577173707562,0.8973445164613765,0.4578060311061383,-6.867408443396476,59.048615521986484,16.267910095067535,-0.4493501503020525,0.24397489614784718,0.3847393672913313,1.4156227555496075,0.3933782885836846,0
STABILIZE,51.57554316520691,28.64100953265412,-7.134755675654675,59.12245267107436,16.422467563590303,1.433726585221641,-10.0,40.0,0.0,0.9553637455322479,-0.8323097234239759,63.81387001916051,-1.5151492160554882,0.19681924716409183,0.8247727336665307,0.45779414198195545,-6.867408443396476,59.048615521986484,16.267910095067535,-0.28994542080909014,0.46347971074283123,-0.028626233688555658,1.4156227555496075,-0.3183975657727689,0
STABILIZE,51.60910606384277,29.799884901491307,-7.132249454922163,59.118520674712705,16.428773465696313,1.444978870037373,-10.0,40.0,0.0,0.9484157355990525,-0.8318607985686063,63.85757639965942,-1.4983954670329604,0.19520069506458035,0.9332559224728174,0.4577592135768854,-6.867408443396476,59.048615521986484,16.267910095067535,-0.3460629843175411,-0.11534463847056031,0.6902711931616068,1.4156227555496075,0.7382154899531465,0
STABILIZE,51.6426727771759,29.797767815912305,-7.127156901920415,59.12058267039171,16.436732089224613,1.4442126841154468,-10.0,40.0,0.0,0.9565242373609154,-0.8321011358500261,63.91829678138084,-1.5106689864593426,0.20091076905427402,0.8619547595997273,0.4577212643972974,-6.867408443396476,59.048615521986484,16.267910095067535,-0.1926953555084765,0.27244179509580135,0.7946970872581005,1.4156227555496075,0.0020926258873891017,0
STABILIZE,51.67569541931152,30.287938417544645,-7.125585139423304,59.12076283710638,16.436259490784803,1.4452102737315766,-10.0,40.0,0.0,0.9501610623754022,-0.8318137342963566,63.95910033148249,-1.5073049383794328,0.19387082388211213,0.8731715518356284,0.4577005115421877,-6.867408443396476,59.048615521986484,16.267910095067535,-0.4294794052839279,0.15489559154957533,0.2778679132461548,1.4156227555496075,0.11127058508825129,0
STABILIZE,51.71093487739563,28.393225112034767,-7.126001863922323,59.113580805815396,16.426473306878844,1.444884800047853,-10.0,40.0,0.0,0.9422732611010953,-0.828955460211265,64.01145373147064,-1.4935085930787286,0.19009622818424096,0.8650801624235098,0.4576969733727129,-6.867408443396476,59.048615521986484,16.267910095067535,-0.5573272239416838,-0.3192854346707463,-0.3002338344231248,1.4156227555496075,0.032175900602019365,0
STABILIZE,51.7425491809845,31.636500776901144,-7.13401476000074,59.11332603185931,16.4160583601399,1.4503707015085583,-10.0,40.0,0.0,0.9401768199127245,-0.8283981061028214,64.04405422437911,-1.5062339537174543,0.17209991174526762,0.904840930278713,0.4576969919995785,-6.867408443396476,59.048615521986484,16.267910095067535,-1.049850694835186,0.12503641191869974,-0.3400444984436035,1.4156227555496075,0.3862295351219142,0
STABILIZE,51.775665283203125,30.20200900090009,-7.135084140482473,59.11285664768152,16.420805714831236,1.4423050997480902,-10.0,40.0,0.0,0.9329091784707136,-0.8266737501416576,64.08114898176144,-1.50660926837492,0.18771863216220844,0.8167637114303483,0.4576657045375095,-6.867408443396476,59.048615521986484,16.267910095067535,-0.6077276077121496,0.11323642684146762,0.6186018697917461,1.4156227555496075,-0.4384199710653337,0
STABILIZE,51.81216049194336,27.409452112086992,-7.134595051303809,59.108056090806784,16.423899990831284,1.4478493844224343,-10.0,40.0,0.0,0.9324394962435695,-0.8286363623109785,64.11986932416625,-1.4991711350382233,0.19107769436203725,0.8992280371559148,0.4576356461213984,-6.867408443396476,59.048615521986484,16.267910095067535,-0.4717916715890169,-0.17276003491133451,0.49904976040124893,1.4156227555496075,0.39324240517179837,0
STABILIZE,51.84381079673767,31.59931893862914,-7.141196780078435,59.104452375526094,16.42160901084029,1.4485903989378526,-10.0,40.0,0.0,0.9303434819420218,-0.8276024424253677,64.14137075967345,-1.5001351708038362,0.17500558422711252,0.8738205809502336,0.4576193660841771,-6.867408443396476,59.048615521986484,16.267910095067535,-0.9369539096951485,-0.09664212702773511,0.1524835592135787,1.4156227555496075,0.09537688163197706,0
STABILIZE,51.876609802246094,30.49604467194044,-7.144490894002516,59.10138876359968,16.420425577337042,1.444061630077081,-10.0,40.0,0.0,0.9224493840870738,-0.8279996072534334,64.18616997043956,-1.5018042815571189,0.1823593689251166,0.8387677937754716,0.45760023197412336,-6.867408443396476,59.048615521986484,16.267910095067535,-0.7654330693185329,-0.060079299146309495,0.24257851764559746,1.4156227555496075,-0.22104277074690457,0
STABILIZE,51.910624504089355,29.404823331463824,-7.147682998007533,59.101135484052406,16.425342619694838,1.443437630928788,-10.0,40.0,0.0,0.9199835790749934,-0.8274727221919904,64.22170744469115,-1.507843938570552,0.18249169951408262,0.8624005379333953,0.4575680073135342,-6.867408443396476,59.048615521986484,16.267910095067535,-0.7248916197568178,0.11708540841937065,0.6157306954264641,1.4156227555496075,0.017348013481171255,0
STABILIZE,51.94483947753906,29.232877285177622,-7.149383361844348,59.097049626783964,16.426000399272297,1.4456539686346581,-10.0,40.0,0.0,0.9183661049021697,-0.8282148115731417,64.23924737047973,-1.500804506358715,0.18560695804786842,0.8803417927805024,0.45754420080874136,-6.867408443396476,59.048615521986484,16.267910095067535,-0.6087041459977627,-0.13520658249035478,0.3329456318169832,1.4156227555496075,0.18974353559702692,0
STABILIZE,51.97771620750427,30.422386468314123,-7.150905240932099,59.09298258632846,16.426678015165848,1.447898436213377,-10.0,40.0,0.0,0.9180064527536863,-0.8276212788064382,64.27213473133335,-1.500640715973193,0.18570740325695576,0.88243650577309,0.45752131213108815,-6.867408443396476,59.048615521986484,16.267910095067535,-0.6087041459977627,-0.13520658249035478,0.3329456318169832,1.4156227555496075,0.18974353559702692,0
STABILIZE,52.01187872886658,29.27797400494213,-7.150913212315791,59.09570242941835,16.424222303259647,1.4460044885779566,-10.0,40.0,0.0,0.9139175173183758,-0.8279808775940688,64.30052099752392,-1.5146038448724293,0.18870740897439106,0.8565425357567349,0.45750372360963,-6.867408443396476,59.048615521986484,16.267910095067535,-0.5227431189268827,0.30088196508586407,0.14850139850750566,1.4156227555496075,-0.06120145649064968,0
STABILIZE,52.04411578178406,31.025941843520457,-7.147356486138542,59.09487208421654,16.42980677308208,1.4484790348788699,-10.0,40.0,0.0,0.9139036434966242,-0.8278505170304568,64.32224782927373,-1.5083502546536627,0.19693289097573474,0.8844517663595498,0.4574713854934631,-6.867408443396476,59.048615521986484,16.267910095067535,-0.2681444864720106,0.06604694644920528,0.6455236580222845,1.4156227555496075,0.20530788252904636,0
STABILIZE,52.08098363876343,27.129336886497114,-7.151214511211212,59.09351420029814,16.431134241168696,1.4398982286299487,-10.0,40.0,0.0,0.912473999525976,-0.8273572493063349,64.34567537812687,-1.5076105161490478,0.18184946143283137,0.8174260490992962,0.45744448052506054,-6.867408443396476,59.048615521986484,16.267910095067535,-0.7837984710931778,0.029856304172426462,0.38982077967375517,1.4156227555496075,-0.4697285977253201,0
STABILIZE,52.12954592704773,20.59443587905451,-7.156350626346039,59.0922463010315,16.43322486971785,1.4312705631010805,-10.0,40.0,0.0,0.9117121132684022,-0.8265501130455097,64.36710851174237,-1.508299486493352,0.1799953961226826,0.8155709362178402,0.45741403841745143,-6.867408443396476,59.048615521986484,16.267910095067535,-0.7837984710931778,0.029856304172426462,0.38982077967375517,1.4156227555496075,-0.4697285977253201,0
STABILIZE,52.15315055847168,42.37612398714866,-7.163781104037069,59.08760327528808,16.43337982945721,1.4335402728701314,-10.0,40.0,0.0,0.9086879402916732,-0.8264296242396825,64.39460002315168,-1.5008918744976967,0.17236761863954542,0.8742151239991206,0.4573925523668906,-6.867408443396476,59.048615521986484,16.267910095067535,-0.8777030743658543,-0.1858805539086461,0.24326301645487547,1.4156227555496075,0.1992726366649732,0
STABILIZE,52.17854905128479,39.381657026966124,-7.159020703533675,59.09007634830536,16.435388502367516,1.4329895404975073,-10.0,40.0,0.0,0.9083597710463953,-0.826858592136071,64.41888134565107,-1.5178442191204553,0.20169746323373286,0.8554617493656855,0.45737181931861043,-6.867408443396476,59.048615521986484,16.267910095067535,-0.24045663885772228,0.2657288918271661,0.4411610774695873,1.4156227555496075,0.020772159400849217,0
STABILIZE,52.21330761909485,28.77600389689689,-7.155093739044797,59.090071527696495,16.43201658751075,1.4255151878475185,-10.0,40.0,0.0,0.9051444594946118,-0.8261034827068144,64.4422679133692,-1.5118331232303732,0.19728975504610985,0.8121850184023774,0.4573557789134406,-6.867408443396476,59.048615521986484,16.267910095067535,-0.42542354203760624,0.11162621667608619,0.1800074242055416,1.4156227555496075,-0.4082902724086885,0
STABILIZE,52.24653100967407,30.104460793109634,-7.154006129571608,59.09023341057751,16.43029838938649,1.4179552370077708,-10.0,40.0,0.0,0.9016699209194852,-0.8273016472976227,64.46321610355362,-1.512453335750649,0.19199426734866404,0.8053233460317756,0.45733735166961753,-6.867408443396476,59.048615521986484,16.267910095067535,-0.42542354203760624,0.11162621667608619,0.1800074242055416,1.4156227555496075,-0.4082902724086885,0
STABILIZE,52.28023719787598,29.673809843859438,-7.156387676557543,59.089786890582275,16.43108276544174,1.4194827119762983,-10.0,40.0,0.0,0.9031736297539458,-0.8273824889897522,64.48208791623037,-1.5115154390575183,0.18459360842214434,0.8607526474931676,0.4573136286538918,-6.867408443396476,59.048615521986484,16.267910095067535,-0.6848223507404327,0.07125549018383026,0.3526456421241164,1.4156227555496075,0.14414400541904498,0
STABILIZE,52.31350374221802,30.067341950006092,-7.159468170281479,59.08944137108878,16.430099696299134,1.4190662665937301,-10.0,40.0,0.0,0.9010658760647622,-0.8269775868380174,64.49973712504568,-1.5120743016302365,0.18283827576031672,0.8489343652793104,0.4572937467720893,-6.867408443396476,59.048615521986484,16.267910095067535,-0.7371401414275169,0.07592891342937946,0.24367813020944595,1.4156227555496075,0.020081930098601083,0
STABILIZE,52.34693956375122,29.915082699151966,-7.156964417988751,59.090102567646746,16.434902738744608,1.4208196632955874,-10.0,40.0,0.0,0.9007766602420945,-0.8282784710706403,64.52115659828284,-1.5148445056517572,0.19480036105813436,0.8630875964143898,0.45726238345621384,-6.867408443396476,59.048615521986484,16.267910095067535,-0.3677397267892957,0.13883973006159067,0.6089355330914259,1.4156227555496075,0.14793644127526812,0
STABILIZE,52.381975173950195,28.547828099263555,-7.157942844492524,59.088774362402376,16.438367600125538,1.4165977481029375,-10.0,40.0,0.0,0.9005686596375264,-0.8282040326808577,64.53804765610029,-1.5111491488158209,0.18765822312790184,0.8249789328527734,0.4572332272537311,-6.867408443396476,59.048615521986484,16.267910095067535,-0.5986650474369526,0.008393290045205504,0.5223392974585295,1.4156227555496075,-0.2217795774036197,0
STABILIZE,52.4147424697876,30.524897020508565,-7.157626119846296,59.08876899131407,16.436992073822744,1.410332615337773,-10.0,40.0,0.0,0.8982416995646677,-0.8281476836202052,64.5645351297016,-1.5141972842029474,0.1905184977879922,0.8096393067801971,0.45721344456488544,-6.867408443396476,59.048615521986484,16.267910095067535,-0.5048924591392279,0.09157800232060254,0.21353182382881641,1.4156227555496075,-0.3470249162967022,0
STABILIZE,52.448851346969604,29.32136515526474,-7.158286118882978,59.087070674940705,16.436558291636644,1.4101441775078816,-10.0,40.0,0.0,0.8964840997921529,-0.8278690866072627,64.58472516888816,-1.5112389917842655,0.1885983206870445,0.8449781393369585,0.4571919565816346,-6.867408443396476,59.048615521986484,16.267910095067535,-0.5730415694415569,-0.0188766629435122,0.27230167761445045,1.4156227555496075,0.02338866213159962,0
STABILIZE,52.48301887512207,29.274704412524255,-7.158995073608247,59.08538653357981,16.43608488899055,1.4100353734271678,-10.0,40.0,0.0,0.8964559252618267,-0.8285001854144013,64.58992294284653,-1.5116200047775128,0.18850666062744276,0.8453862169376095,0.457170373710591,-6.867408443396476,59.048615521986484,16.267910095067535,-0.5730415694415569,-0.0188766629435122,0.27230167761445045,1.4156227555496075,0.02338866213159962,0
STABILIZE,52.52303218841553,24.994660564454616,-7.16011895477907,59.08395338220463,16.433212479155337,1.415042528275215,-10.0,40.0,0.0,0.8950855118378871,-0.829068745301952,64.61364418983399,-1.5129193688818576,0.1878053954947698,0.8740252546153058,0.45714978748929275,-6.867408443396476,59.048615521986484,16.267910095067535,-0.5902881734073162,-0.004318760329624638,0.11961200507357717,1.4156227555496075,0.3303197943711584,0
STABILIZE,52.55472731590271,31.560799422104502,-7.162673627197642,59.085243643737144,16.43164643402746,1.4126434864948934,-10.0,40.0,0.0,0.892709406419516,-0.8291342724293018,64.64160698429602,-1.518409465257822,0.1836082326643919,0.8317083030177194,0.4571330577680005,-6.867408443396476,59.048615521986484,16.267910095067535,-0.5982211325317621,0.1619214192032814,0.1519583398476243,1.4156227555496075,-0.11674540859483963,0
STABILIZE,52.58878946304321,29.36324050349337,-7.1670815987967345,59.08294623818986,16.43015622562205,1.4138288969704944,-10.0,40.0,0.0,0.8923937769746674,-0.8285122449671546,64.64672962617352,-1.511511240171463,0.18038085818273744,0.855177674589273,0.4571133922231565,-6.867408443396476,59.048615521986484,16.267910095067535,-0.9910638444125652,-0.05299856420606375,0.29655934777110815,1.4156227555496075,0.08253673964216134,0
STABILIZE,52.62153959274292,30.540455525135435,-7.172238228226407,59.084369485340424,16.42772091334016,1.4120509827766694,-10.0,40.0,0.0,0.8891318813983102,-0.8279336532392605,64.67758842084365,-1.5191892951117407,0.17754115384744829,0.8361478791247048,0.4570971798622357,-6.867408443396476,59.048615521986484,16.267910095067535,-0.869536492973566,0.17388463020324707,0.1541235949844122,1.4156227555496075,-0.09240544251811739,0
STABILIZE,52.64916253089905,36.2152379636665,-7.172796672700952,59.082430636127505,16.42291016593149,1.407309106993856,-10.0,40.0,0.0,0.8880294461775879,-0.8279313053617333,64.69834536573131,-1.5124890396926882,0.18776023783940624,0.8120671233258986,0.45708752427836596,-6.867408443396476,59.048615521986484,16.267910095067535,-0.6883528549224138,-0.03794697986450046,0.053340912563726306,1.4156227555496075,-0.2843660148310481,0
STABILIZE,52.683504819869995,29.126908840910826,-7.173933913205446,59.08057751000068,16.418451636482978,1.4026403745987097,-10.0,40.0,0.0,0.8868947810017195,-0.8276297631820478,64.71658880100442,-1.5135274305269635,0.18682048722976075,0.8142060774671912,0.4570740429313473,-6.867408443396476,59.048615521986484,16.267910095067535,-0.6883528549224138,-0.03794697986450046,0.053340912563726306,1.4156227555496075,-0.2843660148310481,0
STABILIZE,52.71706581115723,29.80052008582837,-7.174945199786427,59.080175435789286,16.417223234780714,1.4046293733426212,-10.0,40.0,0.0,0.8852457172039846,-0.827470961283845,64.73436778341396,-1.516720976390254,0.18691033164528445,0.8545202154624522,0.457054253308816,-6.867408443396476,59.048615521986484,16.267910095067535,-0.5803961306810379,0.05156474653631449,0.22160036023706198,1.4156227555496075,0.13655882688169457,0
STABILIZE,52.75234842300415,28.34717021938065,-7.1724454167192935,59.08127452479026,16.416527943319778,1.4068940147903217,-10.0,40.0,0.0,0.8835669314111895,-0.8280938958804913,64.75685276616164,-1.520334278732346,0.19432945691989473,0.8575543982549759,0.4570334780971153,-6.867408443396476,59.048615521986484,16.267910095067535,-0.35514384508132935,0.14773727161809802,0.25488215032964945,1.4156227555496075,0.14751188898945627,0
STABILIZE,52.784056663513184,31.543235316236746,-7.172602907577353,59.082874448827056,16.41835310349628,1.4003729784306491,-10.0,40.0,0.0,0.8816435928295963,-0.8282439465988201,64.77519182408312,-1.521757429487258,0.18900110150510754,0.8009424403673264,0.4570080230910124,-6.867408443396476,59.048615521986484,16.267910095067535,-0.5552483722567558,0.17865790287032723,0.41741468012332916,1.4156227555496075,-0.39726359900436403,0
STABILIZE,52.81755876541138,29.854822407288776,-7.169217279236712,59.084840332901216,16.420893208230815,1.3997197396715122,-10.0,40.0,0.0,0.8808714612882674,-0.8284450102925123,64.78407790019331,-1.5232189260745266,0.19675641499406782,0.8359353444885174,0.4569809194948308,-6.867408443396476,59.048615521986484,16.267910095067535,-0.3151360200718045,0.20035759080201387,0.4606882110238075,1.4156227555496075,-0.03782173230190926,0
STABILIZE,52.85173797607422,29.264083278679376,-7.166837702411824,59.08645676816163,16.420298827994387,1.3978823410455303,-10.0,40.0,0.0,0.8778758897286879,-0.829039930441391,64.81057903417296,-1.5230142843345382,0.19490971445069166,0.8279487450438359,0.4569597195439109,-6.867408443396476,59.048615521986484,16.267910095067535,-0.39015987422317266,0.17634507967159152,0.2599729225039482,1.4156227555496075,-0.11349854743878449,0
STABILIZE,52.884597063064575,30.438061510326712,-7.167113562355086,59.084764002189615,16.417132561647136,1.3942231230318625,-10.0,40.0,0.0,0.8764682304294306,-0.8286605347773379,64.83213511119352,-1.5167613882131585,0.18972480719211782,0.814313444475979,0.4569444237394478,-6.867408443396476,59.048615521986484,16.267910095067535,-0.5683508701622486,-0.04012736026197672,0.09266376728191972,1.4156227555496075,-0.22667172707706779,0
STABILIZE,52.91889262199402,29.164173915462012,-7.163886608869991,59.087854171041194,16.416706118915716,1.3936442019393225,-10.0,40.0,0.0,0.8745579652567955,-0.8284190235571545,64.84597307445196,-1.5268341977711422,0.19703671332469946,0.8328062209476415,0.4569227840015693,-6.867408443396476,59.048615521986484,16.267910095067535,-0.34538337495177984,0.2721793716773391,0.2731288084760308,1.4156227555496075,-0.04264703416689848,0
STABILIZE,52.95163583755493,30.54712831194558,-7.16726158647653,59.08835201405268,16.420161911997752,1.3920836323437171,-10.0,40.0,0.0,0.8709174744291788,-0.8287538629090438,64.86464681164279,-1.522088340353277,0.18313138122354655,0.8257059163910496,0.4568943937068709,-6.867408443396476,59.048615521986484,16.267910095067535,-0.765605503693223,0.09954679990187287,0.505067640915513,1.4156227555496075,-0.10157411103510665,0
STABILIZE,52.98498177528381,29.99294923592886,-7.1703519579531045,59.08879180121246,16.423464516281502,1.3906679779411197,-10.0,40.0,0.0,0.86873800375371,-0.8288017275940868,64.8804518693822,-1.5224424035759028,0.18369379378715667,0.8259209842419726,0.456865854072556,-6.867408443396476,59.048615521986484,16.267910095067535,-0.765605503693223,0.09954679990187287,0.505067640915513,1.4156227555496075,-0.10157411103510665,0
STABILIZE,53.01971745491028,28.794178423094085,-7.171649226185685,59.08931539634761,16.424112484773932,1.391308770077029,-10.0,40.0,0.0,0.8675462424652486,-0.8284757461437774,64.89767760646896,-1.5231636968726403,0.18747897265064786,0.838472289391956,0.4568417225205726,-6.867408443396476,59.048615521986484,16.267910095067535,-0.6338497623801231,0.10353773832321167,0.3295355010777712,1.4156227555496075,0.024125068581918065,0
STABILIZE,53.05313992500305,29.924687147729056,-7.171703733807681,59.09089255027649,16.425584129779182,1.390998494100381,-10.0,40.0,0.0,0.8657222617917378,-0.8282028587420942,64.91970496654226,-1.5258806961305622,0.1899813353867578,0.8327398458370333,0.4568168501195781,-6.867408443396476,59.048615521986484,16.267910095067535,-0.5459398962557316,0.1702845678664744,0.37400920409709215,1.4156227555496075,-0.03464648141043347,0
STABILIZE,53.08597254753113,30.463927484547614,-7.174352236420245,59.0908886841802,16.42859783546525,1.388716930909291,-10.0,40.0,0.0,0.8647698772893442,-0.8283467729623405,64.93995647743134,-1.5230949873906172,0.18440219522251639,0.8193325154149913,0.4567892461667735,-6.867408443396476,59.048615521986484,16.267910095067535,-0.7462678477168083,0.07284043822437525,0.4868269432336092,1.4156227555496075,-0.16304884846372955,0
STABILIZE,53.12307262420654,26.958973139393628,-7.171794944404395,59.091925987119964,16.428428720644686,1.3856484232143411,-10.0,40.0,0.0,0.8636198975486962,-0.8281947478924548,64.9590058750265,-1.5257424884011257,0.19519405982466928,0.8148602265288457,0.4567651854436149,-6.867408443396476,59.048615521986484,16.267910095067535,-0.3954195883125067,0.13954490423202515,0.2835798775777221,1.4156227555496075,-0.21335507267093787,0
STABILIZE,53.15346384048462,32.911731703297995,-7.174769962421961,59.09122109204323,16.429323284920425,1.3853450008215047,-10.0,40.0,0.0,0.8620882276273208,-0.8273444427016411,64.97530270638616,-1.5224821431264743,0.1833874012162415,0.8292076826873235,0.4567434494128955,-6.867408443396476,59.048615521986484,16.267910095067535,-0.7520492654293776,0.025714992079883814,0.3381888382136822,1.4156227555496075,-0.03118046056144951,0
STABILIZE,53.198200702667236,22.356505516763498,-7.173551989601596,59.09156647750898,16.42866709249462,1.385496631633456,-10.0,40.0,0.0,0.8618973558565307,-0.8276940630097811,64.99154489623245,-1.525333739526438,0.19228238256832084,0.8319759985227102,0.4567153692274879,-6.867408443396476,59.048615521986484,16.267910095067535,-0.5416883155703545,0.10553010506555438,0.28554447926580906,1.4156227555496075,-0.03242296135090342,0
STABILIZE,53.222602128982544,40.9888202642483,-7.178864958827453,59.094143434129904,16.430847029025955,1.3870932759232224,-10.0,40.0,0.0,0.8611345624644577,-0.8278307201540342,65.01003421831568,-1.5317722070436013,0.1745544400629117,0.84529721408102,0.45669491628294945,-6.867408443396476,59.048615521986484,16.267910095067535,-0.7049573119729757,0.20599693525582552,0.32829628325998783,1.4156227555496075,0.0927185306523471,0
STABILIZE,53.26253318786621,25.04824752611243,-7.173113235357102,59.093420816354204,16.431472499325523,1.3894961539017403,-10.0,40.0,0.0,0.8590209390814562,-0.8277992372508287,65.02443225708606,-1.524865203778481,0.20057678545323854,0.8457847143803447,0.45666753296777873,-6.867408443396476,59.048615521986484,16.267910095067535,-0.4161253571510315,0.06686100387014449,0.45342077501118183,1.4156227555496075,0.08105590927337761,0
STABILIZE,53.28770184516907,39.74249789173465,-7.171823164699924,59.094767097773186,16.432241743661166,1.3903055510741182,-10.0,40.0,0.0,0.8591906265936486,-0.8278812528817218,65.04533946613547,-1.529795970229838,0.19404863131127192,0.8405920479934604,0.45664939183083464,-6.867408443396476,59.048615521986484,16.267910095067535,-0.38750707171857357,0.14594006352126598,0.2915926044806838,1.4156227555496075,0.022249099429951874,0
STABILIZE,53.335203409194946,21.05479170117816,-7.1688279480883725,59.095457105829524,16.42810769020128,1.391510298049783,-10.0,40.0,0.0,0.8578033511401956,-0.8280708973528954,65.06143139182002,-1.5279964176320042,0.19526459462342566,0.8399804134472433,0.4566264564723287,-6.867408443396476,59.048615521986484,16.267910095067535,-0.5248470697551966,0.1495950622484088,0.11951669584959745,1.4156227555496075,0.01800910108763444,0
STABILIZE,53.36212682723999,37.151927437641724,-7.172357341462219,59.09666387477606,16.42646359229447,1.3952809606012513,-10.0,40.0,0.0,0.8568793012506869,-0.8264106811369063,65.07875275155517,-1.5301379012790777,0.18106459408033654,0.8657475261471097,0.45661240640999534,-6.867408443396476,59.048615521986484,16.267910095067535,-0.5371958017349243,0.10294649982824922,0.06099821184761822,1.4156227555496075,0.20738472694419305,0
STABILIZE,53.38949513435364,36.547209926457775,-7.169645109147476,59.09705758808839,16.422851846378368,1.3975515979609416,-10.0,40.0,0.0,0.8548206395461628,-0.8260143700824869,65.0946670923213,-1.5288945175073578,0.1975079666005557,0.8548121143531455,0.4566013067105628,-6.867408443396476,59.048615521986484,16.267910095067535,-0.5662904586642981,0.13709296472370625,0.1514072180725634,1.4156227555496075,0.08795526744894996,0
STABILIZE,53.424325942993164,28.719454410999425,-7.1663892521293615,59.09733772846071,16.42156764418135,1.3939204731668169,-10.0,40.0,0.0,0.853556787745446,-0.8251797529824231,65.11146935767954,-1.528977397677282,0.19773396374918312,0.8153973564805845,0.4565811105363974,-6.867408443396476,59.048615521986484,16.267910095067535,-0.47158426605165005,0.12152416165918112,0.275724777020514,1.4156227555496075,-0.27225451528745526,0
STABILIZE,53.4736864566803,20.261065730171534,-7.164573238768094,59.0970356597258,16.42234400357572,1.3928524521705392,-10.0,40.0,0.0,0.853153913306121,-0.8242519678332121,65.13122226475922,-1.5286011968685358,0.19402028195799975,0.8314026468237599,0.45654699318975495,-6.867408443396476,59.048615521986484,16.267910095067535,-0.4176010377705097,0.05333774024620652,0.3351613413542509,1.4156227555496075,-0.10599734554367087,0
STABILIZE,53.49185538291931,55.06214718932969,-7.171502938591364,59.09699780384474,16.424908229547682,1.3903355134706918,-10.0,40.0,0.0,0.8529408434205283,-0.8232512383980994,65.14062060505715,-1.5283440584570478,0.16358308495997076,0.8058205084036114,0.4565302116518847,-6.867408443396476,59.048615521986484,16.267910095067535,-0.71012401022017,0.017877176287584007,0.30836989171803,1.4156227555496075,-0.16670137216367323,0
STABILIZE,53.526549100875854,28.829407438465292,-7.165168148762139,59.097522896372375,16.420898342997962,1.392892209106794,-10.0,40.0,0.0,0.8525803374983986,-0.822870562073577,65.1667802295783,-1.5309640061880807,0.20417738469303404,0.8504102559910565,0.45651534437196145,-6.867408443396476,59.048615521986484,16.267910095067535,-0.45859324745833874,0.1745771267451346,0.19426364451646805,1.4156227555496075,0.08617260808589647,0
STABILIZE,53.55899739265442,30.824831519302705,-7.1665053479769,59.09728747590281,16.422907689270872,1.3959590486322828,-10.0,40.0,0.0,0.8518544164556732,-0.8225181136402338,65.18455238179867,-1.5295661645786276,0.18848112578833423,0.85633186473921,0.4564898433792145,-6.867408443396476,59.048615521986484,16.267910095067535,-0.6497427821159363,0.06300007225945592,0.41427076794207096,1.4156227555496075,0.14867783696533185,0
STABILIZE,53.592581272125244,29.781476327075463,-7.1678211385248884,59.09897610864415,16.421704787428176,1.3982459704036712,-10.0,40.0,0.0,0.8523186025149696,-0.8215823243630891,65.19925094889254,-1.5339228424433953,0.1883442541861167,0.8527492846169435,0.45647048076437763,-6.867408443396476,59.048615521986484,16.267910095067535,-0.6689094007015228,0.1968669006600976,0.226175831630826,1.4156227555496075,0.09746781331228688,0
STABILIZE,53.64297127723694,19.848492305362583,-7.165475465362066,59.09833470450064,16.421488030590016,1.396333163270196,-10.0,40.0,0.0,0.851131323538151,-0.8217100702449095,65.22521932811692,-1.530499125760386,0.19496392377686858,0.8298854705782505,0.45643916351411495,-6.867408443396476,59.048615521986484,16.267910095067535,-0.4017047118395567,0.04159753443673253,0.28111471328884363,1.4156227555496075,-0.16094844523203164,0
STABILIZE,53.66337442398071,49.02636992706191,-7.167452168076852,59.09851631723595,16.423491151926054,1.3940930392859197,-10.0,40.0,0.0,0.851478008999382,-0.8220118258680066,65.23584710246547,-1.5319563030094276,0.18537478897227927,0.8167668795264845,0.4564202085138657,-6.867408443396476,59.048615521986484,16.267910095067535,-0.4017047118395567,0.04159753443673253,0.28111471328884363,1.4156227555496075,-0.16094844523203164,0
STABILIZE,53.69574451446533,30.89817747852607,-7.161705421441734,59.097000606453626,16.419144422243022,1.3964676676262586,-10.0,40.0,0.0,0.8514215532170236,-0.8218164184247206,65.25282695274211,-1.5292046008814497,0.20440471788760284,0.8524703527183098,0.456407522931127,-6.867408443396476,59.048615521986484,16.267910095067535,-0.45923185534775257,0.0406829291023314,0.15779687091708183,1.4156227555496075,0.08928104451944646,0
STABILIZE,53.73176145553589,27.769491525423728,-7.161264102905001,59.096201536331456,16.417642618208344,1.3957820198059647,-10.0,40.0,0.0,0.8515619456209791,-0.8219225531611204,65.26792850099702,-1.5309263822763668,0.19299035505345033,0.8336542982814643,0.45638692082321,-6.867408443396476,59.048615521986484,16.267910095067535,-0.574096804484725,0.04179785610176623,0.2150228712707758,1.4156227555496075,-0.08336140494316104,0
STABILIZE,53.76617121696472,29.066555786555785,-7.161465708083931,59.095504514985315,16.41648071577235,1.3950219421961882,-10.0,40.0,0.0,0.8508568353108811,-0.8209210766740672,65.28602850229755,-1.5314342540139556,0.19177971395602345,0.8326060506690233,0.4563665943447686,-6.867408443396476,59.048615521986484,16.267910095067535,-0.574096804484725,0.04179785610176623,0.2150228712707758,1.4156227555496075,-0.08336140494316104,0
STABILIZE,53.80158185958862,28.246183270366554,-7.162077177878122,59.097616244284346,16.417682883525117,1.3960917539368478,-10.0,40.0,0.0,0.8507368267527299,-0.8211747541687098,65.29955227685417,-1.5372473813917662,0.19082163942524444,0.8437131961675501,0.45634099633084635,-6.867408443396476,59.048615521986484,16.267910095067535,-0.5850716959685087,0.22203840781003237,0.35781855694949627,1.4156227555496075,0.026704445499269747,0
STABILIZE,53.83244705200195,32.40496314724106,-7.162883552252026,59.096413663877264,16.418936796452428,1.3953444195828413,-10.0,40.0,0.0,0.8510260425753976,-0.8222021640302677,65.31364295711191,-1.5311390362702488,0.19036476464673735,0.8323709542591584,0.4563181887479482,-6.867408443396476,59.048615521986484,16.267910095067535,-0.6055119447410107,0.006448675412684679,0.35927107091993093,1.4156227555496075,-0.08356734448478617,0
STABILIZE,53.866923570632935,29.010665523108635,-7.163009239552787,59.09504888459671,16.41975896256796,1.3946572921447276,-10.0,40.0,0.0,0.8499361471551046,-0.821664393354835,65.33365541138005,-1.531473041606557,0.19200171461286453,0.8327852200101622,0.4562940310110086,-6.867408443396476,59.048615521986484,16.267910095067535,-0.6055119447410107,0.006448675412684679,0.35927107091993093,1.4156227555496075,-0.08356734448478617,0
STABILIZE,53.90088486671448,29.45065932677049,-7.1639092264287285,59.09174339480595,16.41961993439375,1.394814568836644,-10.0,40.0,0.0,0.8512003191209386,-0.8215038839093397,65.34779390296198,-1.5279502560206664,0.19048425863352134,0.8378085149483107,0.45627184768446244,-6.867408443396476,59.048615521986484,16.267910095067535,-0.6051231175661087,-0.12858465779572725,0.2660235855728388,1.4156227555496075,-0.02790735253587874,0
STABILIZE,53.93480896949768,29.48274674370708,-7.161015464816461,59.090358132803665,16.418729514038166,1.3959342120077194,-10.0,40.0,0.0,0.850261594996885,-0.8211759814683263,65.36567533820907,-1.5321211716441139,0.1985117269768788,0.8441786078300831,0.45625140683351584,-6.867408443396476,59.048615521986484,16.267910095067535,-0.354535854421556,-0.0005621768650598824,0.22580695804208517,1.4156227555496075,0.029392451772893718,0
STABILIZE,53.96872568130493,29.488965289349167,-7.164041402672557,59.08936021104945,16.417901709283818,1.3930185691142434,-10.0,40.0,0.0,0.8507500602442467,-0.8210593346439071,65.38064711286974,-1.532937688721502,0.18613477560178607,0.8186336401156253,0.45623076875201046,-6.867408443396476,59.048615521986484,16.267910095067535,-0.7435831241309643,0.023690250236541033,0.231038685888052,1.4156227555496075,-0.21499949407447133,0
STABILIZE,54.001967430114746,30.08912737811702,-7.16357167188956,59.09177628448459,16.42019564755733,1.3940386959742073,-10.0,40.0,0.0,0.850559508638574,-0.8204860256404491,65.39693028385105,-1.5403736949500824,0.19326486333645126,0.842554861111063,0.4562043261377528,-6.867408443396476,59.048615521986484,16.267910095067535,-0.5149960052222013,0.24248692207038403,0.4275520797818899,1.4156227555496075,0.023785340041882656,0
STABILIZE,54.04350209236145,24.07945529491463,-7.159921507571784,59.08901650247482,16.42242421868925,1.3922478277616395,-10.0,40.0,0.0,0.8498497559342745,-0.820802562219797,65.41669685130907,-1.5318099695184744,0.19910379686600677,0.8267159921208638,0.4561726141324194,-6.867408443396476,59.048615521986484,16.267910095067535,-0.3146211616694927,-0.09021912119351327,0.42844382114708424,1.4156227555496075,-0.14784830248650585,0
STABILIZE,54.07464647293091,32.11835606368071,-7.158413800926663,59.086428341468554,16.42600080855184,1.3901820377837986,-10.0,40.0,0.0,0.8497778255045777,-0.8210050132956643,65.42296013477797,-1.5308747568797827,0.19661449962568475,0.8208206452011166,0.4561450327809504,-6.867408443396476,59.048615521986484,16.267910095067535,-0.3146211616694927,-0.09021912119351327,0.42844382114708424,1.4156227555496075,-0.14784830248650585,0
STABILIZE,54.10350728034973,34.65393195300494,-7.153823349817168,59.08728159996811,16.424969275792773,1.3923729626504695,-10.0,40.0,0.0,0.8500415882004166,-0.8209483974307473,65.44409957025916,-1.5388586994552784,0.2045563838216207,0.850581683935039,0.45612810331660214,-6.867408443396476,59.048615521986484,16.267910095067535,-0.3028200473636389,0.1436245976947248,0.24956641718745232,1.4156227555496075,0.08567060252211375,0
STABILIZE,54.136237144470215,30.558701385751963,-7.154488931614478,59.08828657955539,16.419820161411586,1.3904395553855287,-10.0,40.0,0.0,0.8510466932254663,-0.8207226810230195,65.45479564649939,-1.539135708453392,0.19206559222583452,0.8224630699140826,0.4561168799079882,-6.867408443396476,59.048615521986484,16.267910095067535,-0.6939002778381109,0.15777223743498325,0.017216545529663563,1.4156227555496075,-0.16569475969452938,0
STABILIZE,54.17218208312988,27.824757861217993,-7.156836307267319,59.08842708814895,16.41498479623585,1.392592625798536,-10.0,40.0,0.0,0.8510314320215395,-0.8208307901109761,65.47295028931329,-1.5378149691009277,0.18875302290383805,0.8475272218239922,0.45610293308928984,-6.867408443396476,59.048615521986484,16.267910095067535,-0.7181085646152496,0.09312732145190239,-0.007006197120063007,1.4156227555496075,0.08900807040637734,0
STABILIZE,54.20327401161194,32.1691018000813,-7.152543893731421,59.0864686858959,16.41816047049079,1.39070629318927,-10.0,40.0,0.0,0.8514742203788268,-0.8202750901889722,65.49021700753508,-1.5340712836176504,0.20361369785791533,0.822246168525017,0.4560762361273986,-6.867408443396476,59.048615521986484,16.267910095067535,-0.2264321781694889,-0.0478756963275373,0.46293572522699833,1.4156227555496075,-0.15121657292310062,0
STABILIZE,54.23707365989685,29.591116253474624,-7.154611366545736,59.086766979960956,16.417881647075287,1.3927918851886039,-10.0,40.0,0.0,0.8510884747732798,-0.8213580486983894,65.50479946141306,-1.5388909754229187,0.18934715348747158,0.8479885069078374,0.4560545473955402,-6.867408443396476,59.048615521986484,16.267910095067535,-0.728626549243927,0.10488760890439153,0.29158899560570717,1.4156227555496075,0.0806376602383135,0
STABILIZE,54.27306318283081,27.791019261477707,-7.154026584235619,59.088235459964565,16.415462036897406,1.3938010314772247,-10.0,40.0,0.0,0.8504758921820942,-0.8214188267098319,65.52083674558425,-1.541702706480904,0.19478914210868228,0.8418981460968559,0.45603579530680965,-6.867408443396476,59.048615521986484,16.267910095067535,-0.5017388612031937,0.1742274034768343,0.13304412132129073,1.4156227555496075,0.019284252048950862,0
STABILIZE,54.304580211639404,31.73440065370851,-7.154079481002111,59.08890937848269,16.414535836354954,1.3947338950121917,-10.0,40.0,0.0,0.8505344290377154,-0.8212705368996486,65.53525527492215,-1.5408803787638425,0.1935852496919914,0.8427514050298647,0.45601692384294595,-6.867408443396476,59.048615521986484,16.267910095067535,-0.5146981682628393,0.11795011814683676,0.21311820019036531,1.4156227555496075,0.016111662530012998,0
STABILIZE,54.338114500045776,29.826161777777777,-7.153287511826746,59.08925335768456,16.415382051097446,1.3948485320301234,-10.0,40.0,0.0,0.8505650581672746,-0.8221768176251446,65.54851267210114,-1.5406801135107444,0.19549627973326938,0.8375928535622558,0.45599321338306587,-6.867408443396476,59.048615521986484,16.267910095067535,-0.5357811227440834,0.10615858482196927,0.35793804563581944,1.4156227555496075,-0.03811280241421494,0
STABILIZE,54.37209486961365,29.43329918176587,-7.151031392731536,59.08960112085738,16.4138602572166,1.394815417896138,-10.0,40.0,0.0,0.8508414140243956,-0.8218287447817385,65.56860025845015,-1.5412382753346368,0.19875444271110737,0.8366941493250613,0.4559739698634009,-6.867408443396476,59.048615521986484,16.267910095067535,-0.3990820609033108,0.10111709125339985,0.19093385199084878,1.4156227555496075,-0.04451023506728392,0
STABILIZE,54.40617895126343,29.34577791459976,-7.148786090076426,59.08995643231804,16.4123332523188,1.3947803469576665,-10.0,40.0,0.0,0.8519973168197146,-0.8215288567884926,65.58565524080767,-1.54173696498467,0.19896657585331404,0.8366626762405847,0.45595461972729384,-6.867408443396476,59.048615521986484,16.267910095067535,-0.3990820609033108,0.10111709125339985,0.19093385199084878,1.4156227555496075,-0.04451023506728392,0
STABILIZE,54.43851065635681,30.934411116109953,-7.148690826943119,59.09069355458035,16.413614132373272,1.3969472511683345,-10.0,40.0,0.0,0.852905358453356,-0.8212812624310796,65.5974919586393,-1.5429310989054217,0.19455191213587614,0.8515717661996796,0.45593082950965974,-6.867408443396476,59.048615521986484,16.267910095067535,-0.5323437508195639,0.12422845466062427,0.3611918305978179,1.4156227555496075,0.09058130843215458,0
STABILIZE,54.47864365577698,24.92144431702723,-7.150041682308755,59.09079181260079,16.412852587615948,1.3971671320691497,-10.0,40.0,0.0,0.8529813976687253,-0.821326512434331,65.61719022420561,-1.5420292060244603,0.19155539256982368,0.8395803338468717,0.45590979810628485,-6.867408443396476,59.048615521986484,16.267910095067535,-0.6482622120529413,0.08633417310193181,0.24284326937049627,1.4156227555496075,-0.029424434934095096,0
STABILIZE,54.50678515434265,35.543443074445996,-7.14232476202872,59.09153267519446,16.413458376683355,1.3964013661543522,-10.0,40.0,0.0,0.8528663516698929,-0.8207105147485604,65.62537279083129,-1.5442472028096472,0.21102239632918193,0.8333101246262435,0.4558863932588442,-6.867408443396476,59.048615521986484,16.267910095067535,-0.019379158038645983,0.12351991608738899,0.3129571210592985,1.4156227555496075,-0.08738645409734806,0
STABILIZE,54.547205686569214,24.742966699112174,-7.140750780749061,59.087487080686216,16.41376814046074,1.3964018435838228,-10.0,40.0,0.0,0.8524099029342657,-0.8195601081210893,65.64572675455793,-1.5362543390827552,0.1981754826839422,0.8378434630262914,0.4558591743967748,-6.867408443396476,59.048615521986484,16.267910095067535,-0.4472933243960142,-0.1804389525204897,0.30780318193137646,1.4156227555496075,-0.04026657983901681,0
STABILIZE,54.57713031768799,33.425543105784094,-7.142380584811315,59.08822085052097,16.415710888246114,1.3954500357633615,-10.0,40.0,0.0,0.8522131614696575,-0.8210344151256072,65.66558211447516,-1.5446281913245237,0.19137115124257892,0.8309004331043663,0.45583566489898053,-6.867408443396476,59.048615521986484,16.267910095067535,-0.5346579477190971,0.1109960488975048,0.3410013159736991,1.4156227555496075,-0.09061144397382462,0
STABILIZE,54.60995864868164,30.466361589307766,-7.138772515606153,59.088410223148365,16.414315054285435,1.3957020730671748,-10.0,40.0,0.0,0.8526188640341857,-0.8206360763587779,65.67974792681376,-1.544150906496689,0.20327160023013935,0.8389548592059414,0.4558168760856265,-6.867408443396476,59.048615521986484,16.267910095067535,-0.37034647539258003,0.09940348099917173,0.2275884384289384,1.4156227555496075,-0.028670919660318563,0
STABILIZE,54.64376521110535,29.585480605774183,-7.133620420540901,59.08901962842424,16.41854644513082,1.3947719571127737,-10.0,40.0,0.0,0.8524187074749926,-0.8196596794725833,65.69355173912636,-1.545527468845828,0.2067798274219179,0.8313604038776392,0.45578621190222085,-6.867408443396476,59.048615521986484,16.267910095067535,-0.20904180128127337,0.11838077334687114,0.5485440138727427,1.4156227555496075,-0.0963877763095654,0
STABILIZE,54.679346323013306,28.109131119525518,-7.137016848209533,59.088485547734585,16.422765996562838,1.392857673540356,-10.0,40.0,0.0,0.8522737260376885,-0.8201809616444729,65.7114673253193,-1.5433792079232904,0.18928375122694507,0.8249386076071136,0.45575443364470064,-6.867408443396476,59.048615521986484,16.267910095067535,-0.7557413540780544,0.04292134544812143,0.5386944394558668,1.4156227555496075,-0.15453645840633673,0
STABILIZE,54.71090340614319,31.696509404732215,-7.1393296506768875,59.088450955550634,16.423875580111485,1.3908967486353834,-10.0,40.0,0.0,0.8526768672812779,-0.8196712587776607,65.72545555273949,-1.5447320428027673,0.19072387398901033,0.8221182293728173,0.4557314695797494,-6.867408443396476,59.048615521986484,16.267910095067535,-0.6883790716528893,0.07603510748595,0.3518227953463793,1.4156227555496075,-0.15412475274585832,0
STABILIZE,54.744192123413086,30.046448987778845,-7.132824130506593,59.08785189026551,16.424578353421296,1.392004323053755,-10.0,40.0,0.0,0.8529691780334133,-0.8197626659186625,65.73888370464773,-1.544511220323383,0.21015114444025354,0.8418504716981139,0.4557081726046964,-6.867408443396476,59.048615521986484,16.267910095067535,-0.1316857524216175,0.04299012362025678,0.3412031102925539,1.4156227555496075,0.02461495289446132,0
STABILIZE,54.77836894989014,29.26490001535005,-7.134758139729835,59.088223039335915,16.42222808640023,1.3932470604533558,-10.0,40.0,0.0,0.8547737887173247,-0.8196438312992749,65.75600698889696,-1.5464429420112145,0.19233083533551693,0.8432231716459819,0.4556904305838801,-6.867408443396476,59.048615521986484,16.267910095067535,-0.6562899798154831,0.10101605439558625,0.1336280140094459,1.4156227555496075,0.035355620464924756,0
STABILIZE,54.8121702671051,29.590072453032516,-7.13307785284381,59.08872790981408,16.42444867053139,1.3942450423046047,-10.0,40.0,0.0,0.8542500519462023,-0.8194457024524916,65.76748170670258,-1.5473868026892468,0.199944963002679,0.8424525548277694,0.4556637847318988,-6.867408443396476,59.048615521986484,16.267910095067535,-0.40790773928165436,0.10757762938737869,0.4130573943257332,1.4156227555496075,0.020906435317042116,0
STABILIZE,54.845826387405396,29.718593676931143,-7.1350158382848194,59.08554909804864,16.425037479227694,1.396615331210434,-10.0,40.0,0.0,0.8549283751081491,-0.8195738752211351,65.78657208543277,-1.5402095255662918,0.19237296742261561,0.8522716598492205,0.4556408306754555,-6.867408443396476,59.048615521986484,16.267910095067535,-0.6569861900061369,-0.12694529723376036,0.3171220188960433,1.4156227555496075,0.10284577353066533,0
STABILIZE,54.878398418426514,30.707255289552677,-7.126228376816382,59.086880226355056,16.425636997763267,1.3976345456122925,-10.0,40.0,0.0,0.8559775028368337,-0.8203897093009814,65.79674223710691,-1.5501758642993788,0.2156559233366079,0.8447432267980663,0.4556178985789644,-6.867408443396476,59.048615521986484,16.267910095067535,0.05853148177266121,0.16277324175462127,0.32302294857800007,1.4156227555496075,0.020057704271388695,0
STABILIZE,54.912065744400024,29.70806890299184,-7.127627077496656,59.08910626806386,16.42504908910235,1.3997789459000909,-10.0,40.0,0.0,0.8555213742663238,-0.8189183371433726,65.81668638948335,-1.5519599511135156,0.19398195669004906,0.8526217553003942,0.4555969819959888,-6.867408443396476,59.048615521986484,16.267910095067535,-0.6146342493593693,0.21892425138503313,0.25087324902415276,1.4156227555496075,0.08884984213734312,0
STABILIZE,54.94653844833374,29.013876399053693,-7.1291858359520495,59.091363512433254,16.424499956226168,1.401914526607154,-10.0,40.0,0.0,0.8553417082746407,-0.8186519064048892,65.83235484343936,-1.5525388445369097,0.1935884360131663,0.8535274814451626,0.45557541186542405,-6.867408443396476,59.048615521986484,16.267910095067535,-0.6146342493593693,0.21892425138503313,0.25087324902415276,1.4156227555496075,0.08884984213734312,0
STABILIZE,54.97993993759155,29.944769683296684,-7.130148334094567,59.09393894774464,16.423556832308435,1.4021153006654539,-10.0,40.0,0.0,0.8556510944997011,-0.8191097425226915,65.84575567459092,-1.5539752601020733,0.19466951298235952,0.8424738862150609,0.4555554011547574,-6.867408443396476,59.048615521986484,16.267910095067535,-0.5653534084558487,0.23685777559876442,0.22206846624612808,1.4156227555496075,-0.028070269889860732,0
STABILIZE,55.01367974281311,29.643819351190896,-7.1313878473640795,59.09560832767443,16.42465664439349,1.405315949549624,-10.0,40.0,0.0,0.8554466690722767,-0.8195921246328237,65.86189541159966,-1.552740879564511,0.19401995044577192,0.8621552739489653,0.45553102695342246,-6.867408443396476,59.048615521986484,16.267910095067535,-0.6042941473424435,0.1840905868448317,0.36558827850967646,1.4156227555496075,0.1557900515830853,0
STABILIZE,55.047295331954956,29.752534173210474,-7.132182781943754,59.097684220421456,16.421164094767537,1.406345337503803,-10.0,40.0,0.0,0.8553920275589166,-0.819428947144684,65.87627978999171,-1.554163171848843,0.19487235542536147,0.8499189693509877,0.4555158858833604,-6.867408443396476,59.048615521986484,16.267910095067535,-0.5603625904768705,0.20753839053213596,0.06919720908626914,1.4156227555496075,0.024419060200919513,0
STABILIZE,55.084612131118774,26.802719697356984,-7.1304512416301495,59.097212980060306,16.42291600017939,1.4056163796501724,-10.0,40.0,0.0,0.8558700340791118,-0.8192065391098353,65.88756326250058,-1.549923536707047,0.20013183880003557,0.8394587681913639,0.4554878943585643,-6.867408443396476,59.048615521986484,16.267910095067535,-0.39409780874848366,0.045485643204301596,0.39863684214651585,1.4156227555496075,-0.08063186391566825,0
STABILIZE,55.11491537094116,33.00756270116707,-7.126955373054671,59.09792906992037,16.421065138766863,1.4086532939103635,-10.0,40.0,0.0,0.8560222192315561,-0.8182697359764858,65.90489145242489,-1.552889898869276,0.2052518258650663,0.8654200857453443,0.45547187328242544,-6.867408443396476,59.048615521986484,16.267910095067535,-0.21873859222978354,0.10851995320990682,0.14038255903869867,1.4156227555496075,0.14738710463497132,0
STABILIZE,55.14993739128113,28.561436003595457,-7.1223228840339,59.0971874669176,16.42257682544609,1.4066199877533652,-10.0,40.0,0.0,0.8560644276661927,-0.8172826669197132,65.92367447264243,-1.5504219205897896,0.2068891010746095,0.8324558943912242,0.45544565307568347,-6.867408443396476,59.048615521986484,16.267910095067535,-0.2654953161254525,0.04684039449784905,0.4199072252959013,1.4156227555496075,-0.1536710254137285,0
STABILIZE,55.18530893325806,28.274935957934474,-7.1185818230910165,59.0966314664386,16.424582584110254,1.404595926354749,-10.0,40.0,0.0,0.8558068014684362,-0.8163885524686761,65.93519017158307,-1.551154094365292,0.2055603203565941,0.831302943260027,0.4554184234086754,-6.867408443396476,59.048615521986484,16.267910095067535,-0.2654953161254525,0.04684039449784905,0.4199072252959013,1.4156227555496075,-0.1536710254137285,0
STABILIZE,55.22362732887268,26.11516238294481,-7.119757153257134,59.0966471943694,16.422361394392254,1.400557030164985,-10.0,40.0,0.0,0.8550689809555162,-0.8168638909462268,65.95585149382237,-1.5524671844103504,0.1960471929817631,0.8192391948198532,0.4553977117176048,-6.867408443396476,59.048615521986484,16.267910095067535,-0.5536801181733608,0.07618657546117902,0.1312662148848176,1.4156227555496075,-0.27275175839511745,0
STABILIZE,55.2577760219574,29.27388712851938,-7.120556746209113,59.096821908762585,16.420393576814117,1.4014223077416312,-10.0,40.0,0.0,0.8549277347779145,-0.8174655345625697,65.96532496620117,-1.5532422443175302,0.19626791006280478,0.8466469548263055,0.45538202808807,-6.867408443396476,59.048615521986484,16.267910095067535,-0.6116364151239395,0.10275195818394423,0.1895132358185947,1.4156227555496075,0.02940375093349333,0
STABILIZE,55.283530473709106,38.835788557513354,-7.115487012211117,59.09739228276725,16.423213669951476,1.4034161435993289,-10.0,40.0,0.0,0.8553232987803934,-0.8183478029042649,65.98278292971972,-1.5548948332443766,0.21038142387581102,0.8553233716693542,0.4553566524983674,-6.867408443396476,59.048615521986484,16.267910095067535,-0.26633122470229864,0.1468654372729361,0.5385832861065865,1.4156227555496075,0.09002254693121597,0
STABILIZE,55.31988072395325,27.515541152236377,-7.116136984858641,59.09672696176149,16.422288415312064,1.4053587399299492,-10.0,40.0,0.0,0.8540379425559617,-0.8184677581015632,65.99785715721794,-1.5525848959158812,0.197324323851028,0.8539652235868401,0.45533476203077566,-6.867408443396476,59.048615521986484,16.267910095067535,-0.5851182155311108,0.051416485803201795,0.2612369367852807,1.4156227555496075,0.08936338031545685,0
STABILIZE,55.35780668258667,26.37379663340313,-7.118300823850242,59.0964101257236,16.42237881227738,1.4072815323784447,-10.0,40.0,0.0,0.8523333301103674,-0.8198990028977983,66.01666066800298,-1.5536618350057267,0.1944059185443464,0.8544737621904632,0.45530958187627624,-6.867408443396476,59.048615521986484,16.267910095067535,-0.5851182155311108,0.051416485803201795,0.2612369367852807,1.4156227555496075,0.08936338031545685,0
STABILIZE,55.39141345024109,29.762245701675337,-7.116458651366543,59.096963416985325,16.42271954741005,1.4031270696612794,-10.0,40.0,0.0,0.8518725057848031,-0.8200985191267567,66.03213787666223,-1.5559456800285676,0.20251232891940665,0.8171729568880921,0.4552868053441351,-6.867408443396476,59.048615521986484,16.267910095067535,-0.29303571209311485,0.10499741183593869,0.26433635503053665,1.4156227555496075,-0.27721459332663323,0
STABILIZE,55.4256010055542,29.256122484567364,-7.113729925448563,59.09846685275656,16.421747385340453,1.4041386183098608,-10.0,40.0,0.0,0.8516486570069265,-0.8197288351379297,66.0476560664565,-1.5583556172474364,0.20448872982476732,0.8483947119992008,0.4552662697141132,-6.867408443396476,59.048615521986484,16.267910095067535,-0.3045759629458189,0.18225624226033688,0.22843407932668924,1.4156227555496075,0.03582603640379616,0
STABILIZE,55.465715408325195,24.933888964848975,-7.109037416716712,59.098383075912494,16.422508317172912,1.406199764359639,-10.0,40.0,0.0,0.8523036081153073,-0.8203964861292985,66.06055829379865,-1.5559793260716308,0.20759370774130997,0.8539847890905174,0.4552383673984979,-6.867408443396476,59.048615521986484,16.267910095067535,-0.1624247059226036,0.07725390023551881,0.33085320610553026,1.4156227555496075,0.0989915191263683,0
STABILIZE,55.49513602256775,33.998038405109874,-7.1097808863884975,59.09751910586875,16.423564393395225,1.4068752050960296,-10.0,40.0,0.0,0.8530438298666074,-0.8200584451262358,66.07686195534748,-1.5542897855794329,0.1976556542195383,0.8487231848017407,0.4552169546884786,-6.867408443396476,59.048615521986484,16.267910095067535,-0.5222172010689974,0.026986803277395666,0.319833611138165,1.4156227555496075,0.015526674169878595,0
STABILIZE,55.52603483200073,32.37219928221356,-7.108089945979042,59.09873101158086,16.424336346176215,1.4088249509843964,-10.0,40.0,0.0,0.8525858336662463,-0.8202563071687545,66.09072040917343,-1.5594086618957175,0.20330543516623717,0.8579477799026102,0.4551951634013459,-6.867408443396476,59.048615521986484,16.267910095067535,-0.4323657602071762,0.18081226153299212,0.38348406087607145,1.4156227555496075,0.09280660941014986,0
STABILIZE,55.57283353805542,21.370398487774306,-7.108254158443578,59.09978240347164,16.423790873817975,1.4117894210257356,-10.0,40.0,0.0,0.8528780910575289,-0.820509024168045,66.1042578441084,-1.5589297865510752,0.19922912704071588,0.8597479730258967,0.4551655227032231,-6.867408443396476,59.048615521986484,16.267910095067535,-0.53034583106637,0.1667817123234272,0.28542857617139816,1.4156227555496075,0.1569010245402702,0
STABILIZE,55.60380673408508,32.29219469380842,-7.109391628847193,59.09711115666051,16.42508152535147,1.412903292562104,-10.0,40.0,0.0,0.8528176865720566,-0.8218805048090425,66.12636716645173,-1.5520549492279354,0.1970163212521191,0.8548983256724049,0.4551424891523503,-6.867408443396476,59.048615521986484,16.267910095067535,-0.3706937888637185,-0.12846762547269464,0.24802994448691607,1.4156227555496075,0.032593049069492605,0
STABILIZE,55.64781665802002,22.72584132075574,-7.105991164393683,59.09702916513702,16.421209334990905,1.4140198833121678,-10.0,40.0,0.0,0.8522714848818671,-0.8219434706154535,66.14148237508496,-1.558301516384758,0.205200996015588,0.8534908479573432,0.45512135215234195,-6.867408443396476,59.048615521986484,16.267910095067535,-0.30980987939983606,0.09732646285556257,0.08992838556878269,1.4156227555496075,0.04779990496757064,0
STABILIZE,55.67072653770447,43.66383160349368,-7.101055128766994,59.097176992153855,16.421493777710683,1.4147748563405833,-10.0,40.0,0.0,0.8524405854246778,-0.821599453196867,66.15385184767186,-1.5594125718621759,0.21530953333709668,0.8554532529660327,0.4551057290511625,-6.867408443396476,59.048615521986484,16.267910095067535,-0.16728185582906008,0.1040791510604322,0.32349778339266777,1.4156227555496075,0.026279811504651928,0
STABILIZE,55.70436644554138,29.730601019301517,-7.100856956060655,59.098450781104624,16.41428173238616,1.4153890228824795,-10.0,40.0,0.0,0.8521902163029145,-0.821805532810731,66.16990962241056,-1.561647503076226,0.2006565777955698,0.8528960961644613,0.45509813408265853,-6.867408443396476,59.048615521986484,16.267910095067535,-0.6075229030102491,0.20972746424376965,-0.06241330411285162,1.4156227555496075,0.03061877755381513,0
STABILIZE,55.738242626190186,29.52383767993524,-7.102762392165479,59.09560739059986,16.41113224064455,1.4162739908958129,-10.0,40.0,0.0,0.8516990296520554,-0.8217344561546805,66.18432815174846,-1.5538809521061756,0.19638489141847698,0.85496900610567,0.4550821092836188,-6.867408443396476,59.048615521986484,16.267910095067535,-0.5871595349162817,-0.09927891660481691,0.08843886898830533,1.4156227555496075,0.036730462839654275,0
STABILIZE,55.772528648376465,29.174113850091814,-7.102704409085836,59.093196387460374,16.411803645488977,1.4152342106518272,-10.0,40.0,0.0,0.8510476003599654,-0.8217127916484069,66.19763336025164,-1.5551040893769952,0.20049947185949749,0.8430559445793614,0.4550583298697698,-6.867408443396476,59.048615521986484,16.267910095067535,-0.44977148063480854,-0.06985580548644066,0.3266525687649846,1.4156227555496075,-0.08081249040270334,0
STABILIZE,55.80565690994263,30.18961794259062,-7.1025505224147345,59.09073382132711,16.412391210380605,1.4141428313004047,-10.0,40.0,0.0,0.8509644641511617,-0.8221015254617159,66.21254366320979,-1.5551340584859896,0.20081505551082174,0.8419157531341477,0.45503534372864574,-6.867408443396476,59.048615521986484,16.267910095067535,-0.44977148063480854,-0.06985580548644066,0.3266525687649846,1.4156227555496075,-0.08081249040270334,0
STABILIZE,55.83897805213928,30.01870844456532,-7.098677271996773,59.093208222136184,16.408777152851265,1.410984736533763,-10.0,40.0,0.0,0.8507121206778414,-0.8216993447134785,66.22940057008137,-1.5656174517668515,0.20890759927137997,0.8275555268633084,0.45502079317680094,-6.867408443396476,59.048615521986484,16.267910095067535,-0.20418947096914053,0.25373336393386126,0.059545773547142744,1.4156227555496075,-0.20599786503734988,0
STABILIZE,55.874011278152466,28.548799662394412,-7.0974792358175804,59.093356410081576,16.411115918998938,1.4065507529041839,-10.0,40.0,0.0,0.8513100823953349,-0.8209025604581142,66.24725468457179,-1.561372623737242,0.20352575209361917,0.8186924902241203,0.4549930498769237,-6.867408443396476,59.048615521986484,16.267910095067535,-0.37924761418253183,0.09847680339589715,0.4330222960561514,1.4156227555496075,-0.2826827467266102,0
STABILIZE,55.90707874298096,30.247311905500226,-7.090924949139145,59.09342008592892,16.41352213596033,1.4083470892076242,-10.0,40.0,0.0,0.8516457221600175,-0.8205772726988922,66.26013642134643,-1.5619752444470807,0.2156439399592734,0.8558988408015088,0.4549665789557731,-6.867408443396476,59.048615521986484,16.267910095067535,-0.010778168507385999,0.09221294894814491,0.4327017813920975,1.4156227555496075,0.10184731193180055,0
STABILIZE,55.94009447097778,30.30522680308088,-7.0842457146872215,59.09346332849235,16.41586524141333,1.410178133499023,-10.0,40.0,0.0,0.8518778418700922,-0.8199550317933335,66.27329819587705,-1.5624088862635956,0.21650669374191467,0.8571994725679508,0.45494021472763246,-6.867408443396476,59.048615521986484,16.267910095067535,-0.010778168507385999,0.09221294894814491,0.4327017813920975,1.4156227555496075,0.10184731193180055,0
STABILIZE,55.9741370677948,29.3702313595877,-7.083068165701187,59.09100623303348,16.41334034353756,1.411874392859919,-10.0,40.0,0.0,0.8692490940026973,-0.8235869848844878,66.29799615991581,-1.5576267731087392,0.2050091330912623,0.8570880533155629,0.4549229097183803,-6.867408443396476,59.048615521986484,16.267910095067535,-0.37435756530612707,-0.0724645855370909,0.12031964724883437,1.4156227555496075,0.09310022083307445,0
STABILIZE,56.009801149368286,28.043727392470064,-7.085369684366443,59.08920807143368,16.41031465328097,1.40863633243366,-10.0,40.0,0.0,0.8656520922701865,-0.8219406958511032,66.41337854556484,-1.5592031567241404,0.1979922444110087,0.8270579081681024,0.4549055058311014,-6.867408443396476,59.048615521986484,16.267910095067535,-0.5939848255366087,-0.030937351402826607,0.08267960511147976,1.4156227555496075,-0.2102453489068119,0
STABILIZE,56.040658473968506,32.41372808136075,-7.083978074864386,59.06395044603707,16.413102788098943,1.3129273980309037,-10.0,40.0,0.0,0.8086887948399561,-0.8436937277796831,66.6012497288752,-1.5075810665749254,0.20963170645859433,0.16665177487310046,0.4548796961847832,-6.867408443396476,59.048615521986484,16.267910095067535,-0.3327284473925829,-1.5502283349633217,0.43831635266542435,1.4156227555496075,-5.844979632241663,0
STABILIZE,56.07497811317444,29.14350433229803,-7.008748619525598,59.089750802127924,16.442303589079028,1.3992059000162682,-10.0,40.0,0.0,0.7374120355911707,-0.8658584920491679,66.51298319423113,-1.6163040396978758,0.3621023431784196,1.3430343663391873,0.45479875497098277,-6.867408443396476,59.048615521986484,16.267910095067535,4.5967500656843185,1.7664710059762,2.1442001685500145,1.4156227555496075,5.266083107155824,0
STABILIZE,56.108595848083496,29.75380053487696,-7.032059320044922,59.09955044114303,16.4616217300114,1.2369108008501966,-10.0,40.0,0.0,0.5749691663130815,-0.984800793637945,66.48316258831485,-1.5820391844504078,0.1632013863994287,-0.22181376052795532,0.45473794648393884,-6.867408443396476,59.048615521986484,16.267910095067535,-2.026006020605564,0.7145994808524847,1.475073117762804,1.4156227555496075,-9.965905966077155,0
STABILIZE,56.14294123649597,29.121448607215264,-7.092243153048818,59.11428501289701,16.4298707723998,1.3170984619957262,-10.0,40.0,0.0,0.5090814263194362,-1.1504135643820077,66.65768075179786,-1.591024861091337,0.08093364977129075,1.2582798500530137,0.4547789284942933,-6.867408443396476,59.048615521986484,16.267910095067535,-4.463061690330505,1.0295351035892963,-1.7348002642393112,1.4156227555496075,4.933734212992643,0
STABILIZE,56.176058769226074,30.200269291417957,-7.152953473090195,59.129047550506634,16.39767561881498,1.3985039313246928,-10.0,40.0,0.0,0.49490312754125326,-1.5838946149863347,66.42610318798857,-1.5933422895977036,0.06838324558098424,1.3286350846484052,0.45482150435827406,-6.867408443396476,59.048615521986484,16.267910095067535,-4.463061690330505,1.0295351035892963,-1.7348002642393112,1.4156227555496075,4.933734212992643,0
STABILIZE,56.210408449172974,29.12084204094952,-7.098267829156638,59.06017918095061,16.400254337166366,1.623845329967815,-10.0,40.0,0.0,0.43691346078609633,-2.1741463295673196,66.0846483710013,-1.4362544183434423,0.3112820964338983,2.29100265045407,0.45479389279222193,-6.867408443396476,59.048615521986484,16.267910095067535,3.271551802754402,-4.378503933548927,0.46273451298475266,1.4156227555496075,13.69576725766263,0
STABILIZE,56.24378275871277,29.967876536153188,-6.953788198157478,59.00098475974261,16.39326100220559,1.947588606286743,-10.0,40.0,0.0,0.586044424773963,-3.1621871941927897,65.58120878765799,-1.4565630463326864,0.5065223310833672,3.10608112181834,0.4547859661452105,-6.867408443396476,59.048615521986484,16.267910095067535,9.23013910651207,-3.7191879004240036,-0.1466388814151287,1.4156227555496075,19.577033123643634,0
STABILIZE,56.28419351577759,24.75070517284111,-6.894146039220125,58.90224748514851,16.63236232581988,1.8425520888662017,-10.0,40.0,0.0,1.1446726836629064,-3.624710956199951,65.30589752259311,-1.3985096170089695,0.3173012648772616,0.5844756887008888,0.45428094093956306,-6.867408443396476,59.048615521986484,16.267910095067535,3.524143621325493,-6.269515305757523,15.306277573108673,1.4156227555496075,-6.554862537022244,0
STABILIZE,56.312846660614014,34.90831613289833,-6.637048682020594,58.87540172814705,17.022669924503468,1.7522244912612162,-10.0,40.0,0.0,2.031921513923556,-3.563327405798812,65.08405980854027,-1.51104838660335,0.8687575477123153,0.41611949105305734,0.4534809607538249,-6.867408443396476,59.048615521986484,16.267910095067535,16.7094886302948,-1.6211530193686485,24.73936527967453,1.4156227555496075,-5.899574188051221,0
STABILIZE,56.34392333030701,32.18465316144874,-6.389407518761223,58.85243698241291,17.39769553865427,1.6485026347505545,-10.0,40.0,0.0,2.66084810746268,-3.263278049333798,64.85005069738646,-1.5200896185917248,0.8164005377203185,0.32414021734930565,0.4527091997375046,-6.867408443396476,59.048615521986484,16.267910095067535,16.7094886302948,-1.6211530193686485,24.73936527967453,1.4156227555496075,-5.899574188051221,0
STABILIZE,56.377657413482666,29.648429326773545,-6.150643057517557,58.795103976515996,17.872942913085833,1.934330665581025,-10.0,40.0,0.0,3.1015028844079304,-2.1433199782957595,64.39870496684286,-1.4570767712965256,0.7688370860464253,2.8429818919942687,0.4517344128431214,-6.867408443396476,59.048615521986484,16.267910095067535,15.928548574447632,-3.7683550268411636,30.89110255241394,1.4156227555496075,17.770972305194057,0
STABILIZE,56.41150665283203,29.5487970692874,-5.879695329658059,58.71413107064796,18.46960181634996,2.0211544966436708,-10.0,40.0,0.0,2.990336219580684,-0.6931981933812684,64.24460906897819,-1.4100391926635698,0.8615781326978253,1.7259416683206197,0.45051609973520007,-6.867408443396476,59.048615521986484,16.267910095067535,17.772726714611053,-5.232258886098862,38.05760145187378,1.4156227555496075,5.425882639864265,0
STABILIZE,56.446083307266235,28.92703246986124,-5.60937158529467,58.63322272009803,19.066507920611247,2.1071197252085003,-10.0,40.0,0.0,2.6229887957801226,0.9701139659317135,64.07920920803717,-1.409532851306511,0.8708890112574164,1.7617322758342224,0.4492959287398925,-6.867408443396476,59.048615521986484,16.267910095067535,17.772726714611053,-5.232258886098862,38.05760145187378,1.4156227555496075,5.425882639864265,0
STABILIZE,56.48007297515869,29.429375320128262,-5.382743746476416,58.594209998957105,19.946276094688496,2.157810535506294,-10.0,40.0,0.0,2.3787529704481027,2.4387647200431273,63.88850349622124,-1.4823988101409908,0.8119494320338718,1.5963672742455963,0.4475095801481992,-6.867408443396476,59.048615521986484,16.267910095067535,14.896754920482635,-2.513403072953224,55.74221611022949,1.4156227555496075,3.2780775751613347,0
STABILIZE,56.522294998168945,23.685927264513214,-5.2330607100759075,58.58805904804117,20.95532290016699,2.2624485089014366,-10.0,40.0,0.0,2.3461296390945945,4.374167550144763,63.340578890813646,-1.5416056452566786,0.5939735518124991,1.8480691828775297,0.4454557307741184,-6.867408443396476,59.048615521986484,16.267910095067535,10.331260412931442,-0.5524966400116682,65.20587205886841,1.4156227555496075,6.87518304117021,0
STABILIZE,56.54593563079834,42.31370808280538,-5.333897609900076,58.63907462312564,22.11563385669629,2.6071120387737645,-10.0,40.0,0.0,2.4207131703970184,5.379763495041047,62.821566476162715,-1.6742052495231419,0.023607715665032405,4.494040992322626,0.4431142950971824,-6.867408443396476,59.048615521986484,16.267910095067535,-6.351630389690399,3.1082134693861008,75.3614604473114,1.4156227555496075,21.672050217572473,0
STABILIZE,56.57976484298706,29.56671060701119,-5.579957786997678,58.76533194171002,23.10312319242274,2.9144430204116416,-10.0,40.0,0.0,2.455633152858943,6.4423402930881615,62.070498384460606,-1.7739007287304291,-0.2217487555872517,3.5649691574505193,0.4411080427707054,-6.867408443396476,59.048615521986484,16.267910095067535,-13.984325528144836,7.629702240228653,75.82703232765198,1.4156227555496075,21.70683637101535,0
STABILIZE,56.61306667327881,30.03354003465708,-5.990580367913243,58.829842251338256,24.445060095712652,3.2602345536014847,-10.0,40.0,0.0,2.4706433473336924,6.988132171927418,61.47771309658437,-1.6390630309404095,-0.6154163575035133,4.0302539951217025,0.43839156555731895,-8.760406655061526,56.26320039002744,20.340854117820793,-22.53166288137436,11.996860057115555,75.83226561546326,2.140087198871602,19.866909767113558,0
STABILIZE,56.647582054138184,28.978395594829312,-6.559061267644737,58.98534441660998,25.79663312831985,3.616714351706343,-10.0,40.0,0.0,2.7260347925710473,7.372254326886119,60.753412516239536,-1.792448438102732,-0.9780027952667681,4.235329138142757,0.43565279860904715,-8.760406655061526,56.26320039002744,20.340854117820793,-33.0902636051178,17.702992260456085,78.19007635116577,2.140087198871602,20.84543340346085,0
STABILIZE,56.68123388290405,29.721120732415923,-7.220111656652564,59.35337895205541,27.23111778417926,4.04189195060542,-10.0,40.0,0.0,3.134939648602905,7.392915649125408,60.19917681603885,-2.2113193289166624,-1.3061273525036166,4.95623464844234,0.43274723473002635,-6.789471127413181,59.04204468790529,21.816703379886576,-44.75511014461517,23.53285700082779,79.77988123893738,5.089693851150241,16.68938623691315,0
STABILIZE,56.713072299957275,31.41471306379855,-8.001774228769586,59.81688778941313,28.599608039069775,4.44107242605018,-10.0,40.0,0.0,3.3316486698124486,6.8357344298451554,59.7885663337052,-2.4374968053787747,-1.7495064776520064,5.167759507657168,0.4299737672019936,-6.861278415648098,59.42397676592108,23.078100179462197,-52.68956422805786,28.797879815101624,74.88674521446228,5.460601881222546,15.016841956358986,0
STABILIZE,56.747039556503296,29.444870336829396,-8.794119338144277,60.298447630373,29.975164181623043,4.836724050616962,-10.0,40.0,0.0,3.5252698051869125,5.661893850218532,59.502169671617395,-2.439073879097024,-1.754566309591795,5.229549303091137,0.4271818913624398,-7.126165979035047,59.91067584997833,24.350685141333493,-52.68956422805786,28.797879815101624,74.88674521446228,5.759538564027529,15.016841956358986,0
STABILIZE,56.78119874000549,29.279404681293673,-9.957804872805545,61.08593160192415,31.478798402350154,5.0921799907633405,-10.0,40.0,0.0,3.758541682797181,4.470054441468457,59.4433344221069,-2.990367572437521,-2.6775012080966905,4.5515304624862605,0.4241316269296146,-8.359598922487585,61.162615362105484,27.0318011956821,-73.12446236610413,44.72962021827698,72.32120037078857,6.85087630219464,2.7892392287162298,0
STABILIZE,56.81581497192383,28.894948228469865,-11.30448787991637,62.06343499002748,33.031021978276996,5.308169822285602,-10.0,40.0,0.0,3.8643951007803925,3.315606903329616,59.43450298751007,-3.353509279451913,-3.1967586779702,4.438476479891092,0.42098165004256166,-9.404734438726111,62.49396905449767,29.597041970350126,-82.44508504867554,53.42189073562622,70.57746648788452,7.5206309630331045,-0.6486084239627509,0
STABILIZE,56.84859848022461,30.51024208566108,-12.645018858161801,63.0345188326556,34.53229255316631,5.506832831650454,-10.0,40.0,0.0,3.8854483051233104,1.292949793963242,59.71310640375489,-3.4705311628965143,-3.465246318420479,4.514352576398293,0.4179337610863076,-9.404734438726111,62.49396905449767,29.597041970350126,-82.44508504867554,53.42189073562622,70.57746648788452,7.5206309630331045,-0.6486084239627509,0
STABILIZE,56.88203167915344,29.915509432616524,-14.039191362831167,64.07513238114572,35.96110922975291,5.562196468530401,-10.0,40.0,0.0,3.8053549455948024,-0.17143609398088044,60.41677981280629,-3.626687889235777,-3.670154421597641,3.6683752623352093,0.4150280167310869,-9.404734438726111,62.49396905449767,29.597041970350126,-87.5833511352539,59.13625955581665,71.28944396972656,7.5206309630331045,-8.153193397149636,0
STABILIZE,56.91609859466553,29.35871878149849,-15.540307620558973,65.24331392094074,37.392326603293164,5.40478114832794,-10.0,40.0,0.0,3.3859860263110737,-1.5543769919927726,61.55082344146019,-3.6431553687258638,-3.960465053828086,2.319761631713645,0.41211457056539413,-9.404734438726111,62.49396905449767,29.597041970350126,-94.38907504081726,67.3513114452362,72.14942574501038,7.5206309630331045,-20.697648600389286,0
STABILIZE,56.9548614025116,25.803003365097723,-17.208629043572902,66.61331480957253,38.78918320397325,4.997621132137035,-10.0,40.0,0.0,2.6228886908200995,-2.601473913337994,63.086359249905776,-3.6638563475540766,-4.0185382784522545,0.8962184101966226,0.4092607593883746,-9.404734438726111,62.49396905449767,29.597041970350126,-105.70220947265625,80.67843914031982,71.58277034759521,7.5206309630331045,-35.28429962961148,0
STABILIZE,56.98278260231018,35.825174884904804,-18.939386142529056,68.03488488347156,40.13768767482538,4.469310891420798,-10.0,40.0,0.0,2.157862304812363,-2.9046090212039726,63.967125803757256,-3.6761364231636655,-4.299537300488211,-1.1065250554734885,0.4065189679191621,-9.404734438726111,62.49396905449767,29.597041970350126,-111.6600513458252,85.3758692741394,72.64991998672485,7.5206309630331045,-41.76887098233783,0
STABILIZE,57.017091512680054,29.153024911032027,-20.481709163521085,69.31724311899156,41.22609546411323,3.938631151487157,-10.0,40.0,0.0,1.106323946237635,-3.183427161520825,65.75267385658199,-3.715800955175984,-4.265304591880074,-0.7281475212845461,0.4042855349482628,-9.404734438726111,62.49396905449767,29.597041970350126,-111.6600513458252,85.3758692741394,72.64991998672485,7.5206309630331045,-41.76887098233783,0
STABILIZE,57.060718297958374,22.92633385625345,-22.261773117342102,70.77277894540997,42.549237971602764,3.2929456815985416,-10.0,40.0,0.0,-0.15623748233457402,-3.231509345400188,67.72631165877054,-3.7646958966290116,-4.204654263052905,-0.9849536382533242,0.40156501551734247,-9.404734438726111,62.49396905449767,29.597041970350126,-115.55476188659668,88.09033632278442,73.08769226074219,7.5206309630331045,-48.088711832661815,0
STABILIZE,57.08870506286621,35.736959596475984,-24.324682751633354,72.32783534659686,43.965811147781615,2.406906613429573,-10.0,40.0,0.0,-1.7395921922113604,-2.9769281313531257,70.37148682996556,-3.8284867367383266,-4.164455463397191,-4.931585734675004,0.39868298951900605,-9.404734438726111,62.49396905449767,29.597041970350126,-125.60944557189941,88.05350065231323,71.200430393219,7.5206309630331045,-58.67338768753888,0
STABILIZE,57.12262582778931,29.488965289349167,-26.032183591801548,73.52878961053622,44.87725880850543,1.462178848589298,-10.0,40.0,0.0,-2.6124203586999974,-2.707749308945865,72.17795575221804,-3.8966292857768385,-4.100765807654259,-4.658731926037863,0.39679882759072255,-9.404734438726111,62.49396905449767,29.597041970350126,-131.3611388206482,87.05259561538696,71.0983157157898,7.5206309630331045,-67.98861141346653,0
STABILIZE,57.161513805389404,25.719303409369633,-28.05029995742354,74.87347144693904,46.03823028012603,0.24474738719709888,-10.0,40.0,0.0,-3.601777315401164,-2.2524828363752536,75.13850124796008,-3.982876967100704,-4.017050045112545,-6.666700062195099,0.3944110764830396,-9.404734438726111,62.49396905449767,29.597041970350126,-137.17293739318848,85.64780950546265,71.49653434753418,7.5206309630331045,-81.38861611214197,0
STABILIZE,57.19266414642334,32.10925849371488,-30.15195457652715,76.27553357727795,47.242125789873214,-1.0049275094829428,-10.0,40.0,0.0,-4.161010152753359,-1.8965226185815733,77.81373608169233,-4.069538340273821,-3.9292311839647964,-7.991878328202099,0.3919393656656819,-9.404734438726111,62.49396905449767,29.597041970350126,-137.17293739318848,85.64780950546265,71.49653434753418,7.5206309630331045,-81.38861611214197,0
STABILIZE,57.22736310958862,28.825841036390504,-32.18538857242353,77.47452460967983,48.25045903577784,-2.318130671790117,-10.0,40.0,0.0,-4.451843022707087,-1.4208641893570657,82.0058671376252,-4.158518485190087,-3.8349346811037526,-8.892169857821818,0.3898551239774992,-9.404734438726111,62.49396905449767,29.597041970350126,-142.3151969909668,80.1211953163147,68.81260275840759,7.5206309630331045,-87.4594726615569,0
STABILIZE,57.26279902458191,28.225464333781964,-34.1850607963236,78.5632057976279,49.15224884256327,-3.59348653064745,-10.0,40.0,0.0,-4.129409001897826,-1.0177368195893928,84.75008688197458,-4.242843688244663,-3.741427192545971,-9.656572411148058,0.3879846829316797,-9.404734438726111,62.49396905449767,29.597041970350126,-142.86606311798096,74.96338486671448,64.6102249622345,7.5206309630331045,-85.01009169310946,0
STABILIZE,57.293705224990845,32.36970094539842,-36.093067390125185,79.40955252753938,49.815863134044356,-4.971296152551344,-10.0,40.0,0.0,-3.2190427560610337,-0.4356524104301563,88.27307796529965,-4.331579590492822,-3.6383262980697633,-10.0,0.38659360249976293,-9.404734438726111,62.49396905449767,29.597041970350126,-145.21639347076416,65.22637605667114,56.64536952972412,7.5206309630331045,-93.58057891269561,0
STABILIZE,57.3266658782959,30.341179704567484,-37.917654211222136,80.1132189232418,50.32507483387129,-6.28852337857816,-10.0,40.0,0.0,-2.8090365320255115,-0.23752844616493526,89.485279448626,-4.414072518151049,-3.5377908084712493,-10.0,0.3855078558934715,-9.404734438726111,62.49396905449767,29.597041970350126,-144.11357641220093,58.921390771865845,49.544596672058105,7.5206309630331045,-92.46615841752715,0
STABILIZE,57.36086297035217,29.248166020473626,-39.82250273724282,80.76344690180444,50.72561581621521,-7.556698870779692,-10.0,40.0,0.0,-1.4921933489633898,0.353417546473011,93.74183284881045,-4.4912898147842135,-3.439231861857468,-10.0,0.38463745394512594,-9.404734438726111,62.49396905449767,29.597041970350126,-144.52402591705322,52.98566818237305,40.981581807136536,7.5206309630331045,-88.31054155289718,0
STABILIZE,57.394370317459106,29.850997807953995,-41.7176805344232,81.31957249963978,51.00399856748854,-8.877297392881582,-10.0,40.0,0.0,-0.9612259688308229,0.7107775528401474,97.05416723775397,-4.569359998266201,-3.3348087210880184,-10.0,0.3840123640897162,-9.404734438726111,62.49396905449767,29.597041970350126,-146.63983583450317,48.53261709213257,34.145525097846985,7.5206309630331045,-91.39627758593636,0
STABILIZE,57.43445348739624,24.95124330755503,-43.55477012293018,81.75962590739469,51.11034858779257,-10.258757667534054,-10.0,40.0,0.0,-0.7658956319774165,1.2190673175460967,101.90603992599672,-4.644018803833345,-3.224476461492773,-10.0,0.383717614610646,-9.404734438726111,62.49396905449767,29.597041970350126,-149.76025819778442,44.98526155948639,27.27033495903015,7.5206309630331045,-97.82553465166937,0
STABILIZE,57.46198010444641,36.33949055622942,-45.663554278661834,82.25531961798552,51.240544257714966,-11.798419902102996,-10.0,40.0,0.0,-0.8744876356526856,1.4335112451006964,104.48102124309153,-4.733368338439276,-3.0976158852673468,-10.0,0.38340279250695875,-9.404734438726111,62.49396905449767,29.597041970350126,-152.72358655929565,41.04236662387848,22.375962138175964,7.5206309630331045,-100.46097680329713,0
STABILIZE,57.503297328948975,24.206473059698048,-47.03969759954688,82.24763554530504,50.861327450927064,-12.907207390480083,-10.0,40.0,0.0,-1.1346816110110587,1.5660124326873008,107.553028595899,-4.119316517343056,-3.1596926430003274,-10.0,0.3840764260364752,-9.404734438726111,62.49396905449767,29.597041970350126,-157.99978971481323,35.62725782394409,17.127081751823425,7.5206309630331045,-101.80100527694027,0
STABILIZE,57.52780079841614,40.81888782918426,-49.54080801132214,82.77873312259703,51.00482499861461,-14.63068808498854,-10.0,40.0,0.0,-1.5234982403636739,1.4514524445030272,111.08860771786439,-4.880646624966219,-2.859945545321774,-10.0,0.3837383437165677,-9.404734438726111,62.49396905449767,29.597041970350126,-157.99978971481323,35.62725782394409,17.127081751823425,7.5206309630331045,-101.80100527694027,0
STABILIZE,57.561813831329346,29.408946851773944,-50.75708140595998,82.60825784409529,50.45510846998246,-15.529066280206662,-10.0,40.0,0.0,-1.723579027145677,1.1995928473968036,113.61199378596892,-3.9848868506649433,-3.044269209069614,-10.0,0.3847691464397306,-9.404734438726111,62.49396905449767,29.597041970350126,-162.40113973617554,30.707833170890808,10.991311073303223,7.5206309630331045,-98.68043527913402,0
STABILIZE,57.596964597702026,28.4527416170894,-52.6636058356267,82.57141533373888,50.10459331953839,-16.74986103051669,-10.0,40.0,0.0,-1.7544995069617364,0.9675162528912873,115.28329326454686,-4.2939052891531,-2.884923870229297,-10.0,0.38539981797937173,-9.404734438726111,62.49396905449767,29.597041970350126,-164.20522928237915,20.34880816936493,5.906746909022331,7.5206309630331045,-95.57121705572831,0
STABILIZE,57.62916922569275,31.056955839232295,-54.500833443140536,82.42626220035606,49.71457025505916,-17.837758307808077,-10.0,40.0,0.0,-1.2349148505244072,-0.16160011464795962,120.78906777335912,-4.125117189315249,-2.874570078751565,-10.0,0.3861156817265177,-9.404734438726111,62.49396905449767,29.597041970350126,-164.81691598892212,15.807507932186127,5.456924811005592,7.5206309630331045,-89.89528204412353,0
STABILIZE,57.66454720497131,28.272648835202762,-56.19036108601995,82.17237275828137,49.31584720203229,-18.77625310868695,-10.0,40.0,0.0,-0.7560270758438058,-0.7873860751489211,123.3625054677015,-3.9889913835169653,-2.8687152580775885,-10.0,0.3868434561989592,-9.404734438726111,62.49396905449767,29.597041970350126,-165.9145712852478,12.642306089401245,7.987887412309647,7.5206309630331045,-86.59411501447296,0
STABILIZE,57.71075081825256,21.650814298619178,-57.94345089533663,81.93919362229484,48.93474371649677,-19.651000647856357,-10.0,40.0,0.0,-0.2750118573193041,-1.3368643885101332,125.7572790737347,-4.045608206074812,-2.802738177773266,-10.0,0.38753772324140573,-9.404734438726111,62.49396905449767,29.597041970350126,-165.28253555297852,12.42392584681511,7.835240662097931,7.5206309630331045,-80.71362949760464,0
STABILIZE,57.72997426986694,52.0197943667911,-59.59541437244229,81.7623174890522,48.58315693518532,-20.44418032939006,-10.0,40.0,0.0,0.13627626782542498,-1.9732252160739934,129.01027960935832,-4.1248321031375745,-2.7312516532504607,-10.0,0.3881822143647813,-9.404734438726111,62.49396905449767,29.597041970350126,-163.54947090148926,15.168337523937225,8.65669772028923,7.5206309630331045,-74.86741103980226,0
STABILIZE,57.76362609863281,29.722384421327135,-60.948795753738864,81.49563214997231,48.12932097633264,-20.959156798804983,-10.0,40.0,0.0,0.13781518148258026,-2.36721934226089,131.17359176479812,-4.014157949099889,-2.7458003296037665,-10.0,0.3890239793661575,-9.404734438726111,62.49396905449767,29.597041970350126,-162.77339458465576,17.188385128974915,8.365755528211594,7.5206309630331045,-73.02557539802746,0
STABILIZE,57.798107624053955,29.008458458112305,-62.53336523102171,81.35291745459429,47.735088999905756,-21.53806718563259,-10.0,40.0,0.0,-0.0013042726467815365,-2.6486792716826564,133.08771129855919,-4.252657378608103,-2.621840334376643,-10.0,0.3897468035655483,-9.404734438726111,62.49396905449767,29.597041970350126,-160.32147407531738,20.163705945014954,7.710541784763336,7.5206309630331045,-67.00960624878276,0
STABILIZE,57.83042073249817,30.95107516566554,-64.01309628090176,81.18864616216095,47.32669786387567,-22.053653027364568,-10.0,40.0,0.0,-0.14863911032634639,-2.625449157985208,134.7997801762929,-4.210306474778482,-2.610111510287102,-10.0,0.390502225364917,-9.404734438726111,62.49396905449767,29.597041970350126,-160.32147407531738,20.163705945014954,7.710541784763336,7.5206309630331045,-67.00960624878276,0
STABILIZE,57.865233182907104,28.733620146329432,-65.27868139732843,81.09210247116361,46.95906408773075,-22.004894789510075,-10.0,40.0,0.0,-0.41864203774565106,-2.239452116099339,136.0687337014329,-4.339797791197045,-2.5604644913150114,-10.0,0.3911724106251497,-9.404734438726111,62.49396905449767,29.597041970350126,-154.56209182739258,26.122471690177917,11.466823518276215,7.5206309630331045,-37.237535656749195,0
STABILIZE,57.899709701538086,29.009662270114745,-66.58803560669463,81.04415012848433,46.60570077875756,-21.85241162232829,-10.0,40.0,0.0,-0.9746645794662345,-1.6607593227498367,136.94146795282046,-4.415106245837175,-2.5390649883881538,-10.0,0.3918145864700906,-9.404734438726111,62.49396905449767,29.597041970350126,-153.93153429031372,28.054839372634888,11.185582727193832,7.5206309630331045,-27.2888699419108,0
STABILIZE,57.931678771972656,31.286533742102474,-67.82748768881476,81.0052248396717,46.22236406743694,-21.53698589507889,-10.0,40.0,0.0,-1.6042340645609865,-1.014982118919762,137.4727064060857,-4.407726762171928,-2.5607019450886934,-10.0,0.39252338540007914,-9.404734438726111,62.49396905449767,29.597041970350126,-148.6007571220398,28.569304943084717,9.057043492794037,7.5206309630331045,-20.20057646089973,0
STABILIZE,57.96765089035034,27.80465233445366,-68.70925455999708,80.93274112701948,45.81861809803263,-20.912452612848476,-10.0,40.0,0.0,-2.1899659014587156,0.09472499877263753,137.6986080826947,-4.330770482867367,-2.6272343432699445,-9.136376228560792,0.3932637663399787,-9.404734438726111,62.49396905449767,29.597041970350126,-143.56000423431396,29.76561188697815,9.856407344341278,7.5206309630331045,-9.840518207067708,0
STABILIZE,58.00131607055664,29.710594168815344,-69.71952326105672,80.96055814250455,45.44694379514461,-20.24646570147384,-10.0,40.0,0.0,-2.561161069639521,1.1285631488969023,137.59920150951433,-4.473937139629411,-2.6132166033734237,-8.189103941049446,0.39394595043691366,-9.404734438726111,62.49396905449767,29.597041970350126,-137.22189664840698,32.776111364364624,9.21134352684021,7.5206309630331045,-0.37937773480648074,0
STABILIZE,58.034955978393555,29.735659645665105,-70.48709373312668,81.00871596435503,44.99711395608096,-19.403435792193484,-10.0,40.0,0.0,-2.780384528787543,1.4870538450563668,137.47752851963972,-4.476661888331159,-2.664086538859028,-6.614979590668158,0.39478524282639643,-9.404734438726111,62.49396905449767,29.597041970350126,-130.37214279174805,35.80975532531738,5.137654393911362,7.5206309630331045,5.852046316711688,0
STABILIZE,58.06949067115784,28.95998784790549,-70.99249527391946,81.0813708502919,44.469396900785505,-18.438040906114423,-10.0,40.0,0.0,-3.336269506229374,1.9041967630009058,136.96426712426995,-4.478137087937949,-2.7234651777266223,-5.485162369084726,0.39577910199463867,-9.404734438726111,62.49396905449767,29.597041970350126,-121.4380145072937,37.379390001297,0.03255126648582518,7.5206309630331045,12.238049501978292,0
STABILIZE,58.10096025466919,31.782253542471775,-71.3267845429201,81.13524369476157,43.92740789598576,-17.341878320247506,-10.0,40.0,0.0,-3.818134229531896,2.0124407471936214,136.0591441158382,-4.405823594300813,-2.8146914118612982,-3.445650252442533,0.39680772919804325,-9.404734438726111,62.49396905449767,29.597041970350126,-111.89011335372925,37.12778389453888,-1.4107204042375088,7.5206309630331045,20.92666484325981,0
STABILIZE,58.13457942008972,29.75000177323829,-71.30394885228075,81.199390644924,43.305031646757215,-16.301087090902833,-10.0,40.0,0.0,-4.456804728252278,1.8125719097193003,135.42289833427319,-4.37179479638878,-2.8890427439790187,-3.592552720336183,0.39799421308349525,-9.404734438726111,62.49396905449767,29.597041970350126,-96.98712825775146,39.52356576919556,-5.612119287252426,7.5206309630331045,12.93440350956037,0
STABILIZE,58.168349504470825,29.61807178719468,-71.41943232106738,81.3000731007045,42.705236750166286,-15.3081871057193,-10.0,40.0,0.0,-5.300707897379557,1.3327605120360133,135.0878638951057,-4.396968764541487,-2.943591945844053,-3.2948707816938807,0.3991362113923822,-9.404734438726111,62.49396905449767,29.597041970350126,-96.98712825775146,39.52356576919556,-5.612119287252426,7.5206309630331045,12.93440350956037,0
STABILIZE,58.20262145996094,29.184669765370593,-71.20001476840251,81.43682941870337,42.07791686835984,-14.219116237919435,-10.0,40.0,0.0,-5.943541823285885,0.8514825980327306,134.663873072188,-4.414306442222722,-3.0078607652339855,-2.178215784607268,0.4003331473919196,-9.404734438726111,62.49396905449767,29.597041970350126,-77.26171016693115,41.87473952770233,-7.8062355518341064,7.5206309630331045,18.711415929371235,0
STABILIZE,58.23542332649231,30.49094570329822,-70.92465096440326,81.56688026672481,41.45801450317937,-13.133191983169077,-10.0,40.0,0.0,-6.449544862002056,0.3843608113732546,134.01568811995378,-4.365167615822565,-3.0889595179427523,-1.2651010191734837,0.4015185043178938,-9.404734438726111,62.49396905449767,29.597041970350126,-77.26171016693115,41.87473952770233,-7.8062355518341064,7.5206309630331045,18.711415929371235,0
STABILIZE,58.27261662483215,26.892942556888492,-70.3693415543699,81.68289291813495,40.76171497470379,-12.020554031485862,-10.0,40.0,0.0,-6.960457952957819,-0.21205429516002067,133.23529802614482,-4.260727483352105,-3.1824312495981495,-1.2199574075960076,0.40285055572090667,-9.404734438726111,62.49396905449767,29.597041970350126,-63.817864656448364,42.14451313018799,-13.05905431509018,7.5206309630331045,20.080360008865625,0
STABILIZE,58.30544090270996,30.469681450001815,-69.99714677077108,81.87444314147609,40.01204680040187,-11.02380771696616,-10.0,40.0,0.0,-7.396689328641839,-0.933840218631951,132.69330885512596,-4.391908538804749,-3.219601698425781,-0.5550979206484996,0.40429723568231324,-9.404734438726111,62.49396905449767,29.597041970350126,-59.47263836860657,41.69582724571228,-17.21176505088806,7.5206309630331045,15.513862869429767,0
STABILIZE,58.33859920501709,30.162697042917962,-69.2242071272774,81.9457713583837,39.23491612449205,-10.009111819739267,-10.0,40.0,0.0,-7.705731482922822,-1.8382201238263445,132.20735455605788,-4.0635599096152655,-3.0992901158547133,0.11955800083516355,0.4057994985422839,-9.404734438726111,62.49396905449767,29.597041970350126,-56.560879945755005,40.16962945461273,-19.270530343055725,7.5206309630331045,15.201422696036705,0
STABILIZE,58.372361183166504,29.62476603499057,-68.43531719130576,81.98751405539436,38.47816536666496,-9.000613936245937,-10.0,40.0,0.0,-7.721635578405197,-2.596658629973135,131.76195792028136,-3.9424092420617898,-3.1085007005275602,0.5706326852765828,0.40726100857707603,-9.404734438726111,62.49396905449767,29.597041970350126,-53.32068204879761,37.85414695739746,-18.856744468212128,7.5206309630331045,15.993840752974073,0
STABILIZE,58.405797243118286,29.913375887030632,-67.6644058604913,82.03788743341833,37.73372920744831,-8.011516949308026,-10.0,40.0,0.0,-7.495601566881025,-3.4094912685660264,131.17855048213556,-3.903698207080263,-3.1258187968195084,1.110957878917917,0.40869942716107777,-9.404734438726111,62.49396905449767,29.597041970350126,-53.32068204879761,37.85414695739746,-18.856744468212128,7.5206309630331045,15.993840752974073,0
STABILIZE,58.43890357017517,30.214410234983937,-66.81843644937281,82.05975779227938,36.9918759031985,-7.030844456324788,-10.0,40.0,0.0,-7.206794701789852,-3.9610286171577327,130.65880040705426,-3.766919130516024,-2.9492217942521544,1.7127087150493345,0.41013420360901653,-9.404734438726111,62.49396905449767,29.597041970350126,-50.15825033187866,36.573755741119385,-19.7099506855011,7.5206309630331045,16.57936896485717,0
STABILIZE,58.48399209976196,22.181756642409884,-65.9219930586155,82.03662681433033,36.27782934270941,-6.108599871832239,-10.0,40.0,0.0,-7.120754808815202,-4.21453578395781,130.41586423865525,-3.6767861353337756,-3.3364446717424423,0.42420814544357865,0.41149684499058137,-9.404734438726111,62.49396905449767,29.597041970350126,-47.66647517681122,34.019288420677185,-19.090265035629272,7.5206309630331045,14.348031540378631,0
STABILIZE,58.509767293930054,38.80417063716012,-65.57850076431198,82.2025779826252,35.49829228753589,-5.165532707028619,-10.0,40.0,0.0,-7.010845112238649,-4.633472693776536,129.84987378289298,-4.111438745123599,-3.6446347042150506,4.230518290716686,0.41301938102273184,-9.404734438726111,62.49396905449767,29.597041970350126,-45.40577232837677,31.265074014663696,-19.00169402360916,7.5206309630331045,14.368779947529838,0
STABILIZE,58.54243874549866,30.61289969418514,-64.09912616883753,81.90988426696664,34.88865124275611,-4.346746164649068,-10.0,40.0,0.0,-6.851354218703328,-4.680967267943865,129.47918575625803,-2.8696539646360875,-1.5532297208717694,2.4078206618907676,0.41419310153680305,-9.404734438726111,62.49396905449767,29.597041970350126,-42.823395133018494,27.950656414031982,-17.867347598075867,7.5206309630331045,12.005478145644773,0
STABILIZE,58.57583928108215,29.944769683296684,-63.03863706453585,81.69060603250664,34.27828635092044,-3.6135839158341847,-10.0,40.0,0.0,-6.797814927120537,-4.871887703831824,129.23097668181978,-3.044863925705991,-2.4389431913541397,2.212934487982142,0.41536794032052565,-9.404734438726111,62.49396905449767,29.597041970350126,-41.53856039047241,23.610493540763855,-16.259604692459106,7.5206309630331045,7.13398531212434,0
STABILIZE,58.60951638221741,29.698813266491065,-62.021553663572064,81.41553171084118,33.660660730356874,-2.904970428229706,-10.0,40.0,0.0,-6.881009192532231,-5.369630055633687,128.855193334064,-2.890867728978926,-2.497189328489447,2.4635117216534015,0.41655782856184037,-9.404734438726111,62.49396905449767,29.597041970350126,-40.624457597732544,18.791070580482483,-17.325657606124878,7.5206309630331045,6.863269910597238,0
STABILIZE,58.64266300201416,30.17615148855346,-60.9908062456526,81.04111567197735,33.02503737760376,-2.106338995299448,-10.0,40.0,0.0,-7.0418951522055275,-6.121645836083138,128.26324815945569,-2.6173529792250196,-2.3847913563806533,3.5681146313169148,0.4177854075846286,-9.404734438726111,62.49396905449767,29.597041970350126,-38.903725147247314,12.344417721033096,-19.49908882379532,7.5206309630331045,13.693182031061781,0
STABILIZE,58.67584943771362,30.13733985758732,-59.944134214206755,80.54102071880186,32.388895612728525,-1.1909796222325881,-10.0,40.0,0.0,-7.296500698801507,-7.180229534786735,127.328318205486,-2.299266839375006,-2.3195619792861266,4.788003476639768,0.4190145878158268,-9.404734438726111,62.49396905449767,29.597041970350126,-38.166993856430054,4.724747687578201,-20.940960943698883,7.5206309630331045,22.45308064161614,0
STABILIZE,58.71018838882446,29.126908840910826,-58.8983193708404,79.94082225188048,31.788904581094297,-0.22124674843380365,-10.0,40.0,0.0,-7.4278366988043905,-8.060989258449048,126.27900990367529,-2.0550087254495377,-2.333563996836435,5.522442567931254,0.4201709614522433,-9.404734438726111,62.49396905449767,29.597041970350126,-36.406493186950684,-2.116274833679199,-19.610095024108887,7.5206309630331045,27.098206918777187,0
STABILIZE,58.74417042732239,29.433712280701755,-57.79875453102699,79.21384172331994,31.30797212322094,0.8910917738581845,-10.0,40.0,0.0,-7.260223002798631,-8.572257946128476,125.1709756353808,-1.7076446138092507,-2.1422828241253997,7.074903067964417,0.42109022851735434,-9.404734438726111,62.49396905449767,29.597041970350126,-31.410321593284607,-10.652905702590942,-12.7247154712677,7.5206309630331045,36.514290340631135,0
STABILIZE,58.777445554733276,30.057214928624663,-56.63336707650592,78.43927229670619,30.87030446973738,2.077128670814256,-10.0,40.0,0.0,-6.82471946914804,-9.042663319551009,123.51694970521383,-1.4930444476862228,-1.8789783600492382,8.37275085540554,0.42192446263245065,-9.404734438726111,62.49396905449767,29.597041970350126,-28.048166632652283,-13.068883121013641,-11.868974566459656,7.5206309630331045,42.65379370629927,0
STABILIZE,58.81646466255188,25.63457789132069,-55.43835507341126,77.64306046081964,30.46714573931442,3.318770315571267,-10.0,40.0,0.0,-6.432349433879725,-9.366433069229831,122.00881661571833,-1.56306372087148,-2.1101049279118893,8.379974242400948,0.4226834099484127,-9.404734438726111,62.49396905449767,29.597041970350126,-25.676122307777405,-14.611989259719849,-11.131370812654495,7.5206309630331045,48.03265305504893,0
STABILIZE,58.84583115577698,34.059880628527345,-54.28441511396651,76.85911479866202,30.071806065440253,4.558154471065949,-10.0,40.0,0.0,-5.762710857462506,-9.591253868402678,119.82478166633672,-1.1151330579369034,-1.4124807519747913,10.0,0.423438703497373,-9.404734438726111,62.49396905449767,29.597041970350126,-25.676122307777405,-14.611989259719849,-11.131370812654495,7.5206309630331045,48.03265305504893,0
STABILIZE,58.87992858886719,29.331617667627068,-52.97424713045705,76.02878569226344,29.746913058481532,5.726064928451951,-10.0,40.0,0.0,-5.197041420591219,-9.622932285773198,118.14017014906644,-1.182603860620837,-1.3896692568599094,10.0,0.424047825293678,-9.404734438726111,62.49396905449767,29.597041970350126,-22.516797482967377,-16.627322137355804,-11.473774909973145,7.5206309630331045,51.52056087170223,0
STABILIZE,58.91275763511658,30.467468129154106,-51.79891220446136,75.15653017454532,29.396980844043604,6.981360321393552,-10.0,40.0,0.0,-4.457906950029589,-9.523029670104359,116.01849482680703,-0.9319350134193876,-1.4609455057957557,10.0,0.4247090951393487,-9.404734438726111,62.49396905449767,29.597041970350126,-21.67506068944931,-21.776892244815826,-11.075644195079803,7.5206309630331045,53.670608799773866,0
STABILIZE,58.94609832763672,29.99852664554382,-50.65506769521063,74.24742724334752,29.02959576512027,8.139129561988845,-10.0,40.0,0.0,-4.017895491526789,-9.445191980549248,114.41187040947995,-0.7905742898421063,-1.46666422521205,10.0,0.4254051506241398,-9.404734438726111,62.49396905449767,29.597041970350126,-23.00642430782318,-24.858637154102325,-13.47154825925827,7.5206309630331045,50.50553328933581,0
STABILIZE,58.98085951805115,28.777385934819897,-49.589217221266765,73.30011745737144,28.616135002476803,9.19059416614451,-10.0,40.0,0.0,-4.010554318829495,-9.625910248251323,112.79161293456953,-0.6565229372589225,-1.6057525064002813,10.0,0.4261926486050549,-9.404734438726111,62.49396905449767,29.597041970350126,-25.90145766735077,-28.17772626876831,-17.0875683426857,7.5206309630331045,45.261819478598596,0
STABILIZE,59.013479709625244,30.661237618334003,-48.565925644699455,72.33153569507893,28.12962836387002,10.17477690480673,-10.0,40.0,0.0,-4.303679997910232,-9.953707248219514,111.55500035514955,-0.43157051705515886,-1.4469941763536314,10.0,0.42712914805927205,-9.404734438726111,62.49396905449767,29.597041970350126,-26.821744441986084,-30.347082018852234,-22.28764146566391,7.5206309630331045,42.50836531849136,0
STABILIZE,59.04723405838013,29.631672648147624,-47.54887314417658,71.38971831815337,27.603665175084444,11.065977818831168,-10.0,40.0,0.0,-4.568283660790642,-10.258749472967807,110.04597251087279,-0.47980508296707264,-1.5011929117540572,10.0,0.42814334531757514,-9.404734438726111,62.49396905449767,29.597041970350126,-26.400500535964966,-29.831013083457947,-26.463988423347473,7.5206309630331045,40.50688766524584,0
STABILIZE,59.083412408828735,27.64648808268298,-46.57496826622322,70.45899173254183,27.078043735070032,11.958152398064088,-10.0,40.0,0.0,-4.585237897857906,-10.382997444159509,108.9550888475842,-0.4830825807869317,-1.6302091968917336,10.0,0.42915537862339515,-9.404734438726111,62.49396905449767,29.597041970350126,-26.400500535964966,-29.831013083457947,-26.463988423347473,7.5206309630331045,40.50688766524584,0
STABILIZE,59.116939544677734,29.831040810230295,-45.642002420689145,69.52227844686414,26.458522025965944,12.798944271504578,-10.0,40.0,0.0,-4.652304379091907,-10.755406678465285,107.71109283367143,-0.2851472241275825,-1.449577740925802,10.0,0.4303588755687498,-9.404734438726111,62.49396905449767,29.597041970350126,-25.128978490829468,-29.88090217113495,-31.161701679229736,7.5206309630331045,35.67989052596028,0
STABILIZE,59.15141749382019,29.01126750821373,-44.67434934667979,68.62488929694916,25.76914211890696,13.459494610975261,-10.0,40.0,0.0,-4.840230203915638,-11.311302968407928,106.8124585049512,-0.343915593445242,-1.3577488939884754,10.0,0.43170216083772406,-9.404734438726111,62.49396905449767,29.597041970350126,-24.134501814842224,-29.616275429725647,-38.52037191390991,7.5206309630331045,30.799901363999172,0
STABILIZE,59.184340715408325,30.377658033489773,-43.634387736901786,67.77124545496127,24.816399231534863,14.117273969349956,-10.0,40.0,0.0,-5.126828783470781,-12.158883340629613,105.68504698998137,-0.3598427314500975,-1.0271740988213862,10.0,0.4335749095631394,-9.404734438726111,62.49396905449767,29.597041970350126,-17.762646079063416,-27.936023473739624,-55.53853511810303,7.5206309630331045,31.852942364191303,0
STABILIZE,59.22781562805176,23.00782779938453,-42.57691197221504,66.9790554161647,23.784529638002233,14.7231909988263,-10.0,40.0,0.0,-5.348420183826682,-12.89518200202522,104.75172213046665,-0.6657524686363954,-1.5289590668856885,10.0,0.43559751322908924,-9.404734438726111,62.49396905449767,29.597041970350126,-15.288123488426208,-25.82634687423706,-62.299418449401855,7.5206309630331045,32.27873977214448,0
STABILIZE,59.251434564590454,42.34318308010701,-41.56186776307539,66.12301117285016,22.479732020801666,15.58497031058719,-10.0,40.0,0.0,-5.523548368579924,-13.623423601521148,103.71676405610212,0.1548084030165469,0.09513200397301323,10.0,0.4381856744080911,-9.404734438726111,62.49396905449767,29.597041970350126,-11.492358893156052,-24.462835490703583,-68.78580451011658,7.5206309630331045,35.58305210390784,0
STABILIZE,59.285908699035645,29.011066843736167,-40.35060926706215,65.56309960496618,21.50279295557425,15.996460167289632,-10.0,40.0,0.0,-5.658235857031167,-14.444094735960276,102.077716730785,-0.9206170247904061,-0.6357808371043128,10.0,0.44010996737311686,-9.404734438726111,62.49396905449767,29.597041970350126,-7.703343778848648,-21.483655273914337,-73.88184666633606,7.5206309630331045,38.88227594473953,0
STABILIZE,59.32936716079712,23.015023979104708,-39.20179139820038,64.93782140419759,20.260113320204667,16.675930953836442,-10.0,40.0,0.0,-5.664705753722462,-14.65180591126224,101.39618679502279,-0.8401963426148082,-1.1627146688020042,10.0,0.4425600466533585,-9.404734438726111,62.49396905449767,29.597041970350126,-3.243269771337509,-18.642427027225494,-77.13980078697205,7.5206309630331045,39.92801547270892,0
STABILIZE,59.352198123931885,43.819386113374705,-37.98299436099853,64.39451264007366,18.63149611104343,17.63946127943169,-10.0,40.0,0.0,-5.664705753722462,-14.65180591126224,101.39618679502279,-0.8019198484063396,0.9436134595463305,10.0,0.44580033909968575,-9.404734438726111,62.49396905449767,29.597041970350126,2.9428184032440186,-14.909946918487549,-85.6469213962555,7.5206309630331045,43.88926564412785,0
STABILIZE,59.38924598693848,26.995410984031768,-36.66650144250634,64.08305135390171,17.56616100033042,18.059167132090064,-10.0,40.0,0.0,-5.5444709455549654,-14.832005084587394,97.61388757985819,-1.3884140947017425,-0.46262873461637183,10.0,0.44790493622611655,-9.404734438726111,62.49396905449767,29.597041970350126,9.381958842277527,-11.019415408372879,-89.99142050743103,7.5206309630331045,46.74682554756443,0
STABILIZE,59.42007541656494,32.44582311578003,-35.327292415834286,63.68432473754508,16.109532854292127,18.85829889772696,-10.0,40.0,0.0,-5.301026781836432,-14.4169618094824,96.36538364109322,-1.294056970596931,0.270225147298432,10.0,0.4507983668615243,-9.404734438726111,62.49396905449767,29.597041970350126,16.609621047973633,-7.747718691825867,-94.14827227592468,7.5206309630331045,47.22716543113474,0
STABILIZE,59.45328998565674,30.112025271017302,-33.96404875349238,63.39649462917656,14.757049950528828,19.437376310263407,-10.0,40.0,0.0,-4.871001486787015,-13.467326458229676,94.24263597913412,-1.5226692526793766,0.12123912903238337,10.0,0.45348371840352647,-9.404734438726111,62.49396905449767,29.597041970350126,20.021042227745056,-4.816196113824844,-96.81885838508606,7.5206309630331045,46.16199059988209,0
STABILIZE,59.48753356933594,29.210482697142538,-32.616320419369536,63.07734410618141,13.343069283783251,20.100043426117193,-10.0,40.0,0.0,-4.742735656816053,-12.87544787796576,92.73835511633051,-1.4635405710876446,0.1325658922955834,10.0,0.45629341969906057,-9.404734438726111,62.49396905449767,29.597041970350126,21.003565192222595,-5.830188095569611,-96.04642391204834,7.5206309630331045,47.96286559720433,0
STABILIZE,59.52079486846924,30.068419694319388,-31.253783329402125,62.733358686276304,11.975058906545128,20.79385392888321,-10.0,40.0,0.0,-4.546572623853287,-12.067633720865535,90.92629226914778,-1.4615658362461716,0.3590937010160752,10.0,0.4590134801189266,-9.404734438726111,62.49396905449767,29.597041970350126,23.72579425573349,-8.299731463193893,-93.3531641960144,7.5206309630331045,50.0133020464205,0
STABILIZE,59.55491757392883,29.314807307901983,-29.928509741716002,62.37818286014218,10.744984592125292,21.441908104283154,-10.0,40.0,0.0,-4.476565319294772,-11.436218590590999,89.63628810098582,-1.4279524739479141,0.33845864926966834,10.0,0.461459002896604,-9.404734438726111,62.49396905449767,29.597041970350126,23.131021857261658,-10.754461586475372,-88.71369361877441,7.5206309630331045,50.128950809447154,0
STABILIZE,59.5920524597168,26.93560070898302,-28.675847238104943,62.00606310944041,9.601129456179262,22.093970053992365,-10.0,40.0,0.0,-4.721209461873111,-10.808105856780163,88.14087965391406,-1.348176712716772,0.1885156866593779,10.0,0.4637330160921136,-9.404734438726111,62.49396905449767,29.597041970350126,20.25325447320938,-12.87071406841278,-84.49667096138,7.5206309630331045,51.14423793900204,0
STABILIZE,59.62132525444031,34.16669925057022,-27.417495035956318,61.62209204477556,8.499574452919383,22.71597379847079,-10.0,40.0,0.0,-5.424330479375381,-9.901820862415866,85.94696142080343,-1.400538970718154,0.7089988999445433,10.0,0.46592565061564645,-9.404734438726111,62.49396905449767,29.597041970350126,21.82023525238037,-13.713392615318298,-80.59318661689758,7.5206309630331045,47.58390621148451,0
STABILIZE,59.654422760009766,30.217893113932075,-26.21126089327137,61.28640041075349,7.71215408637131,23.09110880311624,-10.0,40.0,0.0,-5.7432192051185815,-9.26819872726577,84.74219801348322,-1.4420078133343261,0.4610356172884574,10.0,0.46749025827899376,-9.404734438726111,62.49396905449767,29.597041970350126,23.18549007177353,-14.869731664657593,-74.41685795783997,7.5206309630331045,42.69900955860475,0
STABILIZE,59.68886470794678,29.04180082119884,-25.01544595771966,60.88788741119132,6.9676457910213045,23.44004818498406,-10.0,40.0,0.0,-6.00720815097369,-8.632698290093918,83.4555064870687,-1.3319735631892664,0.5287068581568145,10.0,0.4689698044754312,-9.404734438726111,62.49396905449767,29.597041970350126,22.484970092773438,-17.43168830871582,-65.42985439300537,7.5206309630331045,37.28514549035877,0
STABILIZE,59.72302436828613,29.28287976318472,-23.84470150497445,60.4898802433281,6.328012468544767,23.704272004640206,-10.0,40.0,0.0,-6.05041720832366,-8.16259259122122,82.5259109108408,-1.3260029430551556,0.5472006575639441,10.0,0.47024034639829826,-9.404734438726111,62.49396905449767,29.597041970350126,22.880814969539642,-18.328750133514404,-60.5555534362793,7.5206309630331045,33.11136373763114,0
STABILIZE,59.75627326965332,30.080279983074792,-22.757220276027905,60.11705981472309,5.849217080871927,23.69275112400385,-10.0,40.0,0.0,-5.835042133886118,-7.778376521161431,82.02494385597704,-1.3237500310484696,0.5522389388686988,10.0,0.47119013755558403,-9.404734438726111,62.49396905449767,29.597041970350126,19.72576528787613,-17.764748632907867,-53.01409363746643,7.5206309630331045,16.800188980723682,0
STABILIZE,59.795891523361206,25.244536464696925,-21.774218485635064,59.771287956570816,5.545769377302469,23.48926584645503,-10.0,40.0,0.0,-5.124518898870847,-7.701174039199131,81.5035886864408,-1.2622118023091755,0.08353395732738422,10.0,0.4717882475881098,-9.404734438726111,62.49396905449767,29.597041970350126,15.744982659816742,-17.647618055343628,-45.23509740829468,7.5206309630331045,7.771908332017429,0
STABILIZE,59.82581186294556,33.430338583179235,-20.771064693232287,59.36988237693965,5.2166328635580665,23.587670631965647,-10.0,40.0,0.0,-4.449511793765997,-7.886146660980478,80.89341373693772,-1.2382731399182596,0.8974807056025043,10.0,0.4724403787181415,-9.404734438726111,62.49396905449767,29.597041970350126,15.803425014019012,-19.094833731651306,-40.197041630744934,7.5206309630331045,19.168044811237856,0
STABILIZE,59.860018730163574,29.23797175401174,-19.864542518120675,59.05256220610403,5.284506763482443,23.588919829682027,-10.0,40.0,0.0,-3.029934027850421,-8.093324227753536,79.50060156138872,-1.2940827513771567,0.35283702570187536,10.0,0.47229729135356396,-9.404734438726111,62.49396905449767,29.597041970350126,17.664648592472076,-19.84992027282715,-34.152060747146606,7.5206309630331045,28.119260435538855,0
STABILIZE,59.89771509170532,26.53312921469148,-18.979342773943927,58.72298553097244,5.323632737874,23.59025697078111,-10.0,40.0,0.0,-2.3300991851125747,-8.264797834413997,78.74714973366628,-1.259317484971654,0.32768886715575424,10.0,0.4722113283884705,-9.404734438726111,62.49396905449767,29.597041970350126,14.541837573051453,-18.102814257144928,-26.910173892974854,7.5206309630331045,22.02154587476015,0
STABILIZE,59.92844581604004,32.54905673555226,-18.118046675056025,58.4567717312378,5.4646722208914635,23.436578840785543,-10.0,40.0,0.0,-1.7697054290448888,-8.102569742568793,78.26553260472116,-1.4031456408768737,0.6747722355359645,10.0,0.4719226821807169,-9.404734438726111,62.49396905449767,29.597041970350126,12.532290816307068,-13.005195558071136,-17.24693328142166,7.5206309630331045,11.301548604499503,0
STABILIZE,59.96063494682312,31.076514999962953,-17.33754758073493,58.30415095168106,5.970058587910753,23.23777556807199,-10.0,40.0,0.0,-0.9066790109020433,-7.518982158183626,77.42741375204723,-1.5192392441279365,0.2581641785291877,10.0,0.47090373530087043,-9.404734438726111,62.49396905449767,29.597041970350126,15.996885299682617,-11.687971651554108,-10.116473585367203,7.5206309630331045,17.34980064285627,0
STABILIZE,59.996007204055786,28.274554745116017,-16.481387599176074,58.13045084558014,6.413259486599955,23.31472752574877,-10.0,40.0,0.0,0.0006327263131517671,-6.658620367590731,76.2034097018351,-1.573345545188219,0.5361170412763626,10.0,0.4700087810311195,-9.404734438726111,62.49396905449767,29.597041970350126,19.38776671886444,-11.005893349647522,-7.575246691703796,7.5206309630331045,30.14154284499623,0
STABILIZE,60.02784466743469,31.415183653903767,-15.67206320897465,58.00910344789533,6.789367587182586,23.29286488195074,-10.0,40.0,0.0,0.22430466632326168,-5.737113442887414,75.18786302509176,-1.6402651203181535,0.4452215015819453,10.0,0.46924733778663663,-9.404734438726111,62.49396905449767,29.597041970350126,18.934467434883118,-8.697540313005447,-12.849436700344086,7.5206309630331045,24.65130530899846,0
STABILIZE,60.06015062332153,30.959528185596078,-14.936907061789505,57.89608366314462,7.136739775529121,23.085831550735705,-10.0,40.0,0.0,-0.018503542750519894,-5.209550058282452,74.81823367777818,-1.6322298402728506,0.444486989251617,10.0,0.46854336995294893,-9.404734438726111,62.49396905449767,29.597041970350126,14.872494339942932,-8.21535736322403,-14.6696537733078,7.5206309630331045,13.351308864987839,0
STABILIZE,60.09776473045349,26.590320658306812,-14.274181440095331,57.79059346000766,7.618331402706502,22.930048760450887,-10.0,40.0,0.0,-0.4565469195965773,-3.7538151918915323,73.96055316332134,-1.5489835844697404,0.15863213475579074,10.0,0.46756872958769125,-9.404734438726111,62.49396905449767,29.597041970350126,13.045261800289154,-9.286720305681229,-9.080657362937927,7.5206309630331045,18.35085365818085,0
STABILIZE,60.13239598274231,28.881020746830824,-13.68846343014139,57.64101985244505,8.05074053812448,22.836596434069847,-10.0,40.0,0.0,-1.5441185814679423,-2.7584182135299584,73.2779577180486,-1.4491858648867495,0.2061472609801862,10.0,0.46669276079367816,-9.404734438726111,62.49396905449767,29.597041970350126,4.451170191168785,-9.418758749961853,-5.393356457352638,7.5206309630331045,17.05788177282451,0
STABILIZE,60.16631484031677,29.48792868291174,-13.256497576655796,57.542129045218005,8.529306028879517,22.663986745794578,-10.0,40.0,0.0,-3.327622486740138,-2.333369778507953,72.47375758479296,-1.4285125963511702,-0.05621339545912707,10.0,0.4657240573141448,-9.404734438726111,62.49396905449767,29.597041970350126,0.2913080621510744,-9.318674355745316,-8.635067194700241,7.5206309630331045,16.391630970235617,0
STABILIZE,60.204957246780396,25.881658922477893,-12.872968517730689,57.44414480248833,9.005093514377926,22.553950534931825,-10.0,40.0,0.0,-4.640631158913532,-2.01358907274783,71.72137126658103,-1.3828475147857775,-0.21004797882087506,10.0,0.46475856500725954,-9.404734438726111,62.49396905449767,29.597041970350126,0.3427770920097828,-10.62290444970131,-10.612088441848755,7.5206309630331045,21.58227762621641,0
STABILIZE,60.23336148262024,35.216362583017776,-12.534044499542253,57.32552866313519,9.546835896065568,22.453343137763717,-10.0,40.0,0.0,-4.348471097826706,-1.7393876067013774,71.15461582963171,-1.3421578695463505,-0.004312339149162681,10.0,0.4636642509925759,-9.404734438726111,62.49396905449767,29.597041970350126,-1.073682215064764,-12.430927157402039,-6.6018640995025635,7.5206309630331045,22.202202670759693,0
STABILIZE,60.26917123794556,27.931116231370616,-12.255717958924611,57.243605833201755,10.235373627516996,22.096118654108352,-10.0,40.0,0.0,-4.027468001648562,-1.9953287754452125,70.6337319431482,-1.350260466056949,-0.2888369707538573,10.0,0.46227249329883036,-9.404734438726111,62.49396905449767,29.597041970350126,1.6943318769335747,-14.009976387023926,-2.5858156383037567,7.5206309630331045,10.929199134348966,0
STABILIZE,60.30087161064148,31.553913861199923,-11.989394650413129,57.12519040770776,10.712982344571234,21.141749475081536,-10.0,40.0,0.0,-3.4400871009530984,-2.6748064528052473,70.87110150737365,-1.2837075551222537,-0.1621255903202679,6.635563947558247,0.46130375519125144,-9.404734438726111,62.49396905449767,29.597041970350126,-3.049057349562645,-13.117951154708862,-9.474200755357742,7.5206309630331045,-32.504320429862496,0
STABILIZE,60.34477734565735,22.77866542119012,-11.791760864350643,57.10322401819296,11.494869547520102,20.693712103229686,-10.0,40.0,0.0,-2.306307928686128,-3.321692815323509,72.15327144855762,-1.4081206007058105,-0.40069951044688445,9.928581476630791,0.4597234185201879,-9.404734438726111,62.49396905449767,29.597041970350126,-4.458164423704147,-8.537586033344269,8.382131159305573,7.5206309630331045,2.085902206481459,0
STABILIZE,60.368754148483276,41.71859396447115,-11.602986063111663,57.20524572578631,12.174851298564665,18.846520454870962,-10.0,40.0,0.0,-1.9352884244330386,-3.3808537794800437,72.63044212435305,-1.6758884657292539,-0.39452448497353876,-0.22077792844727462,0.4583478492323619,-9.404734438726111,62.49396905449767,29.597041970350126,-7.715019583702087,2.0723171532154083,5.951227620244026,7.5206309630331045,-85.97552527191242,0
STABILIZE,60.40314769744873,29.079856344551214,-11.474280543460239,57.34686378213554,12.893942302429076,16.973297621386003,-10.0,40.0,0.0,-0.3406579260102074,-3.4548403095603257,75.38968828487646,-1.7164260578531376,-0.49305357436453934,-0.7239418805653646,0.4568919529574726,-9.404734438726111,62.49396905449767,29.597041970350126,-7.715019583702087,2.0723171532154083,5.951227620244026,7.5206309630331045,-85.97552527191242,0
STABILIZE,60.43697690963745,29.566085350551944,-11.2522151181314,57.61005092779126,13.639824614780798,15.550029855093081,-10.0,40.0,0.0,1.397377943565742,-2.831908060791534,78.44975646701475,-2.0393581059141157,-0.3078720310931343,0.8520730797022065,0.4553818696264377,-9.404734438726111,62.49396905449767,29.597041970350126,-1.9103672355413437,10.788440704345703,9.420831501483917,7.5206309630331045,-58.8078331311614,0
STABILIZE,60.470386266708374,29.93771636176758,-11.046601473853126,58.01816939840457,14.614096629096878,13.246509121812455,-10.0,40.0,0.0,2.702488355737663,-2.120038424736125,81.81279818035645,-2.3465020086130757,-0.3133476535118844,-5.721587846402152,0.45341362398997176,-9.404734438726111,62.49396905449767,29.597041970350126,-0.7380863651633263,18.914514780044556,23.401053249835968,7.5206309630331045,-113.41926633815868,0
STABILIZE,60.51033282279968,25.037631327602675,-10.979929513207196,58.65279111593753,15.617401655434278,10.406203396067582,-10.0,40.0,0.0,3.862008803439119,-1.2457320559007092,86.79971053867952,-2.59453742042329,-0.5490769761110603,-7.997631275467552,0.45138209597093915,-9.404734438726111,62.49396905449767,29.597041970350126,-8.95417109131813,33.33347141742706,25.908607244491577,7.5206309630331045,-146.55566954928707,0
STABILIZE,60.54803538322449,26.527591375679112,-10.955600678706043,59.34055288921728,16.615157425265377,7.1364527382941425,-10.0,40.0,0.0,4.187637218345831,-0.2933508885603619,92.17020632079051,-2.813576825647075,-0.4945005275377522,-10.0,0.44936149569821643,-9.404734438726111,62.49396905449767,29.597041970350126,-13.888125121593475,36.86084449291229,26.430046558380127,7.5206309630331045,-164.16417043714674,0
STABILIZE,60.57730174064636,34.17588631678441,-11.103978807244982,60.092140672973265,17.684832758612387,3.6410946581258443,-10.0,40.0,0.0,4.413106885489829,0.9036453396934998,97.27645574429204,-3.357585179696727,-0.7702986472554243,-10.0,0.44720150039228324,-9.404734438726111,62.49396905449767,29.597041970350126,-20.636530220508575,39.667266607284546,30.050963163375854,7.5206309630331045,-178.05741724673467,0
STABILIZE,60.61055636405945,30.076181734740707,-11.42143779529731,60.76021828560618,18.74951575102149,0.40817579776334334,-10.0,40.0,0.0,5.167960609539421,2.3226698602863047,102.54869242500322,-3.0754864041245726,-0.9182804670547042,-10.0,0.445047189613813,-9.404734438726111,62.49396905449767,29.597041970350126,-29.764771461486816,35.36979854106903,31.533855199813843,7.5206309630331045,-183.12340953526814,0
STABILIZE,60.64416146278381,29.763935310355595,-11.767910676169079,61.376330631316755,19.584142659237017,-2.975764290200587,-10.0,40.0,0.0,5.860557159304347,3.619250219958526,110.284216339312,-3.059626337171492,-0.8222505572526543,-10.0,0.4433515675718573,-9.404734438726111,62.49396905449767,29.597041970350126,-32.79564380645752,31.794074177742004,18.0716410279274,7.5206309630331045,-185.19593481626012,0
STABILIZE,60.677595376968384,30.27176211612717,-12.123941642052674,61.990374103983726,20.401158527914664,-6.323694129983874,-10.0,40.0,0.0,6.057153909279409,4.266820882054258,116.38045387168269,-3.1737725109180976,-0.7003324860251534,-10.0,0.44169056662110684,-9.404734438726111,62.49396905449767,29.597041970350126,-32.79564380645752,31.794074177742004,18.0716410279274,7.5206309630331045,-185.19593481626012,0
STABILIZE,60.7113881111145,29.584437202872177,-12.428029483899836,62.48595029422869,20.908944753565176,-8.960050724787362,-10.0,40.0,0.0,6.039926891532167,4.349712911595179,120.6698126704507,-2.975035966264432,-0.4925009993285258,-10.0,0.4406467748232579,-9.404734438726111,62.49396905449767,29.597041970350126,-28.725585341453552,24.755990505218506,0.34461901523172855,7.5206309630331045,-147.27816695969102,0
STABILIZE,60.750205278396606,25.8061785136374,-12.705080374193697,62.89014711432214,21.271723501842125,-11.41876300341415,-10.0,40.0,0.0,5.625273364096686,3.815574189253611,126.08486860670685,-2.725204288934061,-0.3067578656930613,-10.0,0.43988796463828417,-9.404734438726111,62.49396905449767,29.597041970350126,-26.44622027873993,19.041229784488678,-7.554904371500015,7.5206309630331045,-137.89784470078396,0
STABILIZE,60.779980182647705,33.586944161948765,-13.017819381698601,63.21841229507139,21.585747740066832,-13.954418340703768,-10.0,40.0,0.0,5.007592036695753,3.0299126835092647,129.92583914684187,-2.8661300333424795,-0.42733729181502955,-10.0,0.4392341538900807,-9.404734438726111,62.49396905449767,29.597041970350126,-28.18741500377655,13.845391571521759,-9.86102670431137,7.5206309630331045,-139.02232606459987,0
STABILIZE,60.81307053565979,30.224207879054283,-13.307538044731618,63.38366832404588,21.98871555158921,-15.832881444592523,-10.0,40.0,0.0,4.92538942937418,2.6516472023204383,132.9595632893514,-2.4881555736854972,-0.34365790358040593,-10.0,0.43839903065115043,-9.404734438726111,62.49396905449767,29.597041970350126,-27.599826455116272,7.089421898126602,-1.0740968398749828,7.5206309630331045,-127.44023768522584,0
STABILIZE,60.849111557006836,27.751118168585418,-13.574166187088052,63.504570593883635,22.463418142820792,-17.655251441400008,-10.0,40.0,0.0,5.2448331079874455,2.626792570817585,136.664285215923,-2.3853339973123497,-0.22748455264136003,-10.0,0.4374172374312735,-9.404734438726111,62.49396905449767,29.597041970350126,-25.072667002677917,2.875199168920517,3.4512776881456375,7.5206309630331045,-113.35237146542757,0
STABILIZE,60.883383989334106,29.183045281233476,-13.966018833341241,63.52773140294149,22.782313274229512,-19.862106540819656,-10.0,40.0,0.0,4.194904112735902,2.2202816960898173,141.70903561613773,-2.338715728789891,-0.492719128390282,-10.0,0.4367482101769385,-9.404734438726111,62.49396905449767,29.597041970350126,-32.328030467033386,-4.0213752537965775,-6.101120263338089,7.5206309630331045,-128.47356334437873,0
STABILIZE,60.91679239273071,29.938143741211572,-14.428995151798802,63.3779503742964,23.044658792816232,-22.109589966185997,-10.0,40.0,0.0,3.0503106165786846,1.9880985933219308,145.00815358903728,-2.1152611588682784,-0.7264061691840142,-10.0,0.43619270812574107,-9.404734438726111,62.49396905449767,29.597041970350126,-37.832483649253845,-13.158789277076721,-7.707423716783524,7.5206309630331045,-143.6510086613341,0
STABILIZE,60.95078659057617,29.42421393795687,-14.885926059659713,63.178745431523716,23.331605100100536,-23.76799044920768,-10.0,40.0,0.0,1.2118569856600905,2.1880782079268535,149.4931699867695,-2.0457199031143203,-0.7335870891299031,-10.0,0.4355875605465958,-9.404734438726111,62.49396905449767,29.597041970350126,-37.86418437957764,-15.388695895671844,-4.695272445678711,7.5206309630331045,-118.98532409658547,0
STABILIZE,60.98634910583496,28.12439819222981,-15.408562518137552,62.83399153397049,23.623784893475403,-25.55008317845456,-10.0,40.0,0.0,-0.7797836477158738,2.4353489851278862,153.87002350880536,-1.8752389847455535,-0.9129871032411516,-10.0,0.4349701041493166,-9.404734438726111,62.49396905449767,29.597041970350126,-42.16935932636261,-24.386706948280334,-3.425932303071022,7.5206309630331045,-128.31697442746702,0
STABILIZE,61.01780915260315,31.79454058930101,-15.975289206325549,62.31267109309734,23.882252137145066,-27.438692488415168,-10.0,40.0,0.0,-2.380154226445013,2.5385922036310946,157.51474905370756,-1.6133142227360329,-1.2727536304070826,-10.0,0.43442245591814566,-9.404734438726111,62.49396905449767,29.597041970350126,-44.99003887176514,-35.34135818481445,-4.748060181736946,7.5206309630331045,-133.12589205601955,0
STABILIZE,61.052855491638184,28.537145267626908,-16.458294387174032,61.75957957604918,24.12967584422496,-28.81034435939365,-10.0,40.0,0.0,-4.07302024077067,2.4920773347228384,161.9695486945516,-1.5274142982740213,-1.030000298613007,-10.0,0.4338934678900683,-9.404734438726111,62.49396905449767,29.597041970350126,-40.890106558799744,-37.0130717754364,-4.037679731845856,7.5206309630331045,-116.47887689762257,0
STABILIZE,61.0844190120697,31.6888462439275,-16.90677099582631,61.1722089586132,24.31245098587484,-30.0890804410476,-10.0,40.0,0.0,-4.646572569717797,2.298091424558014,163.6206376433755,-1.3847576047183605,-1.1832517392861082,-10.0,0.4334972279415712,-9.404734438726111,62.49396905449767,29.597041970350126,-37.770575284957886,-39.048194885253906,-7.55050927400589,7.5206309630331045,-107.8974408847969,0
STABILIZE,61.11832523345947,29.49850548925007,-17.326090354423894,60.58991566830326,24.475196716453937,-31.157503699176125,-10.0,40.0,0.0,-6.086508781671654,1.292398469631175,167.5024663751255,-1.4011421720532062,-1.056630350269205,-10.0,0.433138629786414,-9.404734438726111,62.49396905449767,29.597041970350126,-37.770575284957886,-39.048194885253906,-7.55050927400589,7.5206309630331045,-107.8974408847969,0
STABILIZE,61.152029275894165,29.676749237616125,-17.69578698430937,59.9546198769254,24.544004329895746,-32.219482649045155,-10.0,40.0,0.0,-7.37418556287394,-0.09026896067975873,170.36599586389667,-1.2515073486831456,-1.063699752052781,-10.0,0.4329681275093561,-9.404734438726111,62.49396905449767,29.597041970350126,-33.168306946754456,-41.9748991727829,-13.084855675697327,7.5206309630331045,-100.15410323407762,0
STABILIZE,61.188289642333984,27.584124165597974,-17.89315233379254,59.42531768864546,24.441315017198196,-33.008346560342474,-10.0,40.0,0.0,-8.53000554214913,-1.4655704455174436,172.4367999372178,-1.2698997813242938,-0.5967124320179775,-10.0,0.43313792532940426,-9.404734438726111,62.49396905449767,29.597041970350126,-22.560815513134003,-35.41454076766968,-22.935333847999573,7.5206309630331045,-89.6699336128373,0
STABILIZE,61.22307372093201,28.75430357791687,-18.099361781100573,58.80913088765713,24.254450643834275,-34.13159945815022,-10.0,40.0,0.0,-10.68972587185915,-4.071377153388458,176.29420391249587,-1.0947889878042094,-0.7694278116024166,-10.0,0.4334782982387384,-9.404734438726111,62.49396905449767,29.597041970350126,-21.03481888771057,-39.66737985610962,-27.548086643218994,7.5206309630331045,-100.81973248945205,0
STABILIZE,61.25490427017212,31.422008795127468,-18.250141838288,58.212769009804234,24.072783590075392,-35.160537408375006,-10.0,40.0,0.0,-11.25310975667942,-5.251074193341545,179.70887502577372,-0.992943243394039,-0.7364046214007737,-10.0,0.43381071856654824,-9.404734438726111,62.49396905449767,29.597041970350126,-20.876510441303253,-39.89764153957367,-26.320427656173706,7.5206309630331045,-108.10292712597672,0
STABILIZE,61.28892755508423,29.397816000112144,-18.56302552159226,57.513911222662,23.702002733254886,-35.398152313523426,-10.0,40.0,0.0,-9.870771676222633,-6.253282364409501,-177.7416302806483,-1.052918787794962,-1.108008509832723,-10.0,0.43451981733210976,-9.404734438726111,62.49396905449767,29.597041970350126,-32.87189602851868,-47.82874882221222,-37.7297967672348,7.5206309630331045,-72.34087625449035,0
STABILIZE,61.32257437705994,29.726808178886564,-18.895068991178487,56.80017184900487,23.318566701044695,-35.74002020194375,-10.0,40.0,0.0,-9.351702058737406,-6.842223963330313,-175.56685706778123,-1.020836731062008,-1.2304169283699238,-10.0,0.435255334479843,-9.404734438726111,62.49396905449767,29.597041970350126,-32.87189602851868,-47.82874882221222,-37.7297967672348,7.5206309630331045,-72.34087625449035,0
STABILIZE,61.35644817352295,29.526747435780106,-18.844932106070583,56.513003722883354,23.895855213823317,-35.36407710583831,-10.0,40.0,0.0,-8.740963618627791,-7.009141406927554,-173.30949320747035,-1.2096883830657486,-0.11729963153781853,-10.0,0.43406833254790567,-9.404734438726111,62.49396905449767,29.597041970350126,-9.108172357082367,-21.829281747341156,22.355972230434418,7.5206309630331045,-34.81461825624097,0
STABILIZE,61.38901495933533,30.71130246316961,-18.795063852167242,56.39225125387131,23.615622472823837,-35.024371653403165,-10.0,40.0,0.0,-8.094532317462981,-7.075480046128126,-172.30462211639974,-1.4507967156901251,0.05464934884839423,-10.0,0.43459799837335233,-9.404734438726111,62.49396905449767,29.597041970350126,-9.426502138376236,-11.644277721643448,-31.04289174079895,7.5206309630331045,-40.17300752804811,0
STABILIZE,61.42232155799866,30.030099520297846,-18.436739769295546,56.227456607841,23.31587676029423,-35.033320161704445,-10.0,40.0,0.0,-7.404736145257761,-6.722441228308507,-171.2690288344424,-0.9857287384690584,0.5566458012011017,-10.0,0.43516641666797573,-9.404734438726111,62.49396905449767,29.597041970350126,9.867751598358154,-15.770228207111359,-32.108426094055176,7.5206309630331045,-66.01737100767666,0
STABILIZE,61.458563566207886,27.596828634404712,-18.04085760502848,55.95014885037277,23.174613918140444,-34.55066518148335,-10.0,40.0,0.0,-7.113265506390283,-6.225871107722948,-170.48167194768,-0.7928328625320702,0.47968317406537414,-10.0,0.43541570659621387,-9.404734438726111,62.49396905449767,29.597041970350126,12.705729901790619,-22.86059707403183,-21.705256402492523,7.5206309630331045,-35.0294891773404,0
STABILIZE,61.489816427230835,32.00732589551441,-17.726890085917137,55.66708355188823,22.993464732459575,-34.17689237305182,-10.0,40.0,0.0,-6.952744961837582,-5.161916745897606,-169.63709173605125,-0.7333043770294972,0.3793646642826417,-10.0,0.435749182002036,-9.404734438726111,62.49396905449767,29.597041970350126,8.09839814901352,-21.814963221549988,-23.14845621585846,7.5206309630331045,-35.82029189453906,0
STABILIZE,61.52367353439331,29.545050470897348,-17.281971458533974,55.413965567075934,22.925155300048893,-33.60665564640214,-10.0,40.0,0.0,-6.9016406326939,-3.185520187614611,-168.64891362731214,-0.6661516535472126,0.6311378751720941,-10.0,0.4358546380333017,-9.404734438726111,62.49396905449767,29.597041970350126,13.741914927959442,-24.512071907520294,-17.778117954730988,7.5206309630331045,-40.20030779416065,0
STABILIZE,61.557706117630005,29.38854672468277,-16.834232001035065,55.10675340093661,22.914158626361047,-32.87756197434394,-10.0,40.0,0.0,-6.0922734613311444,-2.5903855281073014,-168.04602648965346,-0.5466521458861244,0.591156380118149,-10.0,0.4358453764172633,-9.404734438726111,62.49396905449767,29.597041970350126,15.257911384105682,-26.135757565498352,-13.051676750183105,7.5206309630331045,-23.204061648406334,0
STABILIZE,61.59599328041077,26.122481518157983,-16.30539971258626,54.77861355722914,22.783977305464678,-31.940215414158,-10.0,40.0,0.0,-4.81337005811774,-3.0829584939245227,-167.456485541633,-0.4433654390939288,0.7005060359353932,-10.0,0.43607304332502184,-9.404734438726111,62.49396905449767,29.597041970350126,20.127835869789124,-28.49072515964508,-20.611512660980225,7.5206309630331045,-12.304737761487004,0
STABILIZE,61.63251709938049,27.38511360668582,-15.799570497368846,54.55699147734861,23.173716493459647,-30.606872626609942,-10.0,40.0,0.0,-3.93681730409733,-2.9087929389574287,-166.62324344402643,-0.6342254143973896,0.7630626732428681,-10.0,0.435259390780421,-9.404734438726111,62.49396905449767,29.597041970350126,18.38916838169098,-22.77933657169342,11.689308285713196,7.5206309630331045,9.669382694771162,0
STABILIZE,61.66490817070007,30.877705468358904,-15.420079860138824,54.18084875372124,22.994881799193585,-29.611998289622324,-10.0,40.0,0.0,-1.923699941289054,-2.712144962563592,-165.67442088528495,-0.42372515606322314,0.44517680832109496,-10.0,0.43558533676882694,-9.404734438726111,62.49396905449767,29.597041970350126,10.738784074783325,-29.93873655796051,-22.673943638801575,7.5206309630331045,-4.429466469212479,0
STABILIZE,61.69759702682495,30.59771372712086,-15.159130091757712,53.93003476156532,22.841715162105594,-29.595744293872123,-10.0,40.0,0.0,-0.019793861534270506,-2.19440360342852,-164.98510453386893,-0.682599829076415,0.37646751822214236,-10.0,0.43586183615455093,-9.404734438726111,62.49396905449767,29.597041970350126,2.335675433278084,-26.438650488853455,-21.986152231693268,7.5206309630331045,-70.86168267650821,0
STABILIZE,61.7321662902832,28.931023065886766,-15.079962554112786,53.52730124789064,23.094050542161618,-28.465163704110306,-10.0,40.0,0.0,-0.11393486579265871,-2.1026376640518714,-164.73961387472033,-0.6262508325905587,-0.11822563311802889,-10.0,0.43532512282217634,-9.404734438726111,62.49396905449767,29.597041970350126,-9.359409660100937,-37.246108055114746,2.4113109335303307,7.5206309630331045,-5.858241298288889,0
STABILIZE,61.76532173156738,30.165734094733967,-14.697415095226264,53.25747038864545,23.187305638260472,-27.49185802618845,-10.0,40.0,0.0,-0.058894346655066314,-2.177355451260168,-164.7041788533063,-0.49115542215132824,0.5716477636039632,-10.0,0.4351078828868286,-9.404734438726111,62.49396905449767,29.597041970350126,11.304204165935516,-26.28324031829834,-6.419061124324799,7.5206309630331045,-11.57073233610523,0
STABILIZE,61.80079102516174,28.198707820977404,-14.574470043696639,53.113148148308746,22.979212932667185,-26.546040381042356,-10.0,40.0,0.0,-0.09266048071450861,-2.215166097844889,-164.56466540931962,-0.9750193816647297,0.18125611871436578,-10.0,0.43549155567107456,-9.404734438726111,62.49396905449767,29.597041970350126,-5.729348212480545,-20.701579749584198,-25.687581300735474,7.5206309630331045,-15.729686601918415,0
STABILIZE,61.841041803359985,24.84791971516419,-14.501334183627852,52.94341943238729,22.454117139841223,-24.227030811268673,-10.0,40.0,0.0,0.056518614762665474,-2.0015493702318015,-164.7606371969856,-1.0074751192575628,0.03293168760296339,-3.024663161219255,0.4365055600962217,-9.404734438726111,62.49396905449767,29.597041970350126,-8.53349193930626,-21.14025205373764,-44.35107409954071,7.5206309630331045,70.29328799415809,0
STABILIZE,61.87497663497925,29.474873683248887,-14.350092806116722,52.82604663884903,22.464627063627848,-23.12254843200374,-10.0,40.0,0.0,0.16874820109906885,-1.987530193516939,-165.4509917371555,-0.966793005974131,0.21216995855581736,-7.354983375157009,0.43645408954881304,-9.404734438726111,62.49396905449767,29.597041970350126,-2.7282627299427986,-13.66908848285675,-8.644000440835953,7.5206309630331045,1.1978162511606598,0
STABILIZE,61.90839910507202,29.925541174959687,-14.180247231452057,52.74590505173401,22.50713410133706,-21.880863820927335,-10.0,40.0,0.0,0.2894597618067174,-1.8630852140563643,-165.7408922862875,-1.0085068359505152,0.2689859256060695,-5.702570649201024,0.43633896832651425,-9.404734438726111,62.49396905449767,29.597041970350126,-1.8286395817995071,-18.560440838336945,-10.21663248538971,7.5206309630331045,2.5848556362005297,0
STABILIZE,61.94305968284607,28.85797045609352,-13.92874825241182,52.73897459283911,22.62440237182408,-20.830519391776534,-10.0,40.0,0.0,0.2774016764768681,-1.8680377415348584,-165.80520534751236,-1.0843642167317487,0.4645035760196708,-6.439568172023221,0.4360730544345907,-9.404734438726111,62.49396905449767,29.597041970350126,3.7544623017311096,-14.660072326660156,-5.949961394071579,7.5206309630331045,-7.837475586728613,0
STABILIZE,61.97657346725464,29.84313920808282,-13.651463216475545,52.75728657438836,22.74337478133055,-19.685713021239977,-10.0,40.0,0.0,0.2399471068634867,-1.9373942571315181,-165.89533652379984,-1.1083748520567513,0.5498527646977511,-4.985061678016998,0.4358045964437691,-9.404734438726111,62.49396905449767,29.597041970350126,5.734368413686752,-12.806235253810883,-5.523204430937767,7.5206309630331045,-0.021145411896713224,0
STABILIZE,62.00923299789429,30.624299065420562,-13.405166879556235,52.77547159976907,22.87965129722706,-18.573169952593606,-10.0,40.0,0.0,0.2410387365114987,-1.974383786911957,-166.06677427196718,-1.1303535230806234,0.5012746991946782,-4.337384995907071,0.4355021254994169,-9.404734438726111,62.49396905449767,29.597041970350126,4.072859138250351,-14.829754829406738,-4.94418665766716,7.5206309630331045,-1.2191221725028685,0
STABILIZE,62.042304277420044,30.246003187354425,-13.106938621636456,52.839029988373284,23.10461077926018,-17.230906930804725,-10.0,40.0,0.0,0.2938854575846212,-1.9532097735980942,-166.33841089525856,-1.1925207172528651,0.6289845501615484,-2.1986160730892514,0.43502172718530585,-9.404734438726111,62.49396905449767,29.597041970350126,7.861223816871643,-12.21178025007248,0.23596573155373335,7.5206309630331045,13.822499710164925,0
STABILIZE,62.0797758102417,26.689132952390647,-12.873745556561332,53.01712030188816,23.297528351296247,-16.193043010416815,-10.0,40.0,0.0,0.3506387533783001,-1.9578675357252198,-166.62704102920497,-1.4420134880702278,0.49159307835612803,-4.190268673244637,0.434600884293015,-9.404734438726111,62.49396905449767,29.597041970350126,3.9674051105976105,-4.4345613569021225,-1.3616894371807575,7.5206309630331045,-2.313454654435488,0
STABILIZE,62.109954833984375,33.14371508269524,-12.718850573005538,53.24586245085635,23.521182837904284,-15.173672017748979,-10.0,40.0,0.0,0.38551874188098334,-1.9717870343668826,-166.6281475198505,-1.664883847831634,0.46370503270431435,-2.2888913295780853,0.434125430680884,-9.404734438726111,62.49396905449767,29.597041970350126,-0.7934501394629478,-1.0965737514197826,0.812673382461071,7.5206309630331045,-1.4122709576075434,0
STABILIZE,62.14393448829651,29.43391883451814,-12.53831178762294,53.534340245695965,23.764219905276615,-14.243084945527453,-10.0,40.0,0.0,0.39398425442911167,-1.9739607420702392,-166.6572577860931,-1.7372434287377545,0.47694454690806976,-3.1061270820893254,0.43360683331328137,-9.404734438726111,62.49396905449767,29.597041970350126,1.6563160344958305,-0.09850391652435064,1.134232059121132,7.5206309630331045,-5.459538396999504,0
STABILIZE,62.17653203010559,30.68321909039701,-12.340801071115344,53.8186308851058,24.01421566881416,-13.188269754074296,-10.0,40.0,0.0,0.4058592853531193,-2.0136005986920544,-166.893117878512,-1.7691453214576038,0.5253501748422316,-1.4333953987172618,0.4330755673981074,-9.404734438726111,62.49396905449767,29.597041970350126,2.8558917343616486,2.044904977083206,2.778599224984646,7.5206309630331045,4.739406366482495,0
STABILIZE,62.21080183982849,29.185685159799878,-12.147611397515767,54.079292986874556,24.234592620512153,-12.173853323110597,-10.0,40.0,0.0,0.4210127003570273,-2.047573319293463,-167.09436257221725,-1.728763230018042,0.4702911797594394,-1.3842189173994495,0.43260159243736057,-9.404734438726111,62.49396905449767,29.597041970350126,3.022576868534088,0.025057204766198993,0.8936772122979164,7.5206309630331045,4.002035365387197,0
STABILIZE,62.24529838562012,28.99502267448291,-12.002023451972917,54.291053540173245,24.46245904498638,-11.34996006080841,-10.0,40.0,0.0,0.4379540240978919,-2.082628624878319,-167.17098363432643,-1.6750065658309161,0.3457178543895702,-2.02871169107223,0.43211213720248154,-9.404734438726111,62.49396905449767,29.597041970350126,0.12259120121598244,-2.457808703184128,1.8191438168287277,7.5206309630331045,-5.765036536874895,0
STABILIZE,62.278164863586426,30.433423548277087,-11.862554124995814,54.5368315778226,24.67623642622963,-10.436298231541361,-10.0,40.0,0.0,0.46921697386780387,-2.0839822829944508,-167.23615729938672,-1.7862455852844388,0.35593551621651065,-0.6397444701224497,0.4316525004804301,-9.404734438726111,62.49396905449767,29.597041970350126,0.19895683508366346,-0.6332280579954386,1.0407794266939163,7.5206309630331045,1.4079086011620208,0
STABILIZE,62.31154274940491,29.966163694558755,-11.715865152009117,54.804923468282034,24.866110938706452,-9.573543828099202,-10.0,40.0,0.0,0.49775921383137645,-2.0866531004033373,-167.3595378365538,-1.8327384413733812,0.3529317147215717,-0.6367478428041249,0.43123914776324673,-9.404734438726111,62.49396905449767,29.597041970350126,1.1749518103897572,0.3912865184247494,-0.3736612852662802,7.5206309630331045,0.30409560321801177,0
STABILIZE,62.34510850906372,29.79628603498004,-11.580090728242661,55.04377072851422,25.06257852020475,-8.739634885943001,-10.0,40.0,0.0,0.5245656786112667,-2.113043243808974,-167.51772501773132,-1.804283059068453,0.31231280052179533,-0.2762792461451653,0.4308125539771997,-9.404734438726111,62.49396905449767,29.597041970350126,0.6608965341001749,-0.8924226276576519,0.43371827341616154,7.5206309630331045,0.24056283774499276,0
STABILIZE,62.37870931625366,29.793746181931837,-11.45808058718337,55.281588968988785,25.258150670092352,-7.935079997009289,-10.0,40.0,0.0,0.5461726085246318,-2.1446273191915823,-167.63754019615166,-1.8274496521289603,0.2719484463761404,0.03684176901116931,0.43038752549984977,-9.404734438726111,62.49396905449767,29.597041970350126,0.1579397590830922,-0.9730548597872257,0.6136909127235413,7.5206309630331045,0.29082465238238275,0
STABILIZE,62.41355633735657,28.677433029304378,-11.333413904145742,55.52070585343457,25.428176166769763,-7.16717375744151,-10.0,40.0,0.0,0.5515336133320041,-2.1700358363474415,-167.7013068422429,-1.8326629082248584,0.2541756294557688,0.09850784357333975,0.4300119622732754,-9.404734438726111,62.49396905449767,29.597041970350126,0.6946326699107885,-0.6862292997539043,-0.6859744433313608,7.5206309630331045,-0.21908029197971596,0
STABILIZE,62.45962882041931,21.708299691530545,-11.209433872989377,55.76030326832742,25.603981749379134,-6.420177156543748,-10.0,40.0,0.0,0.5821150916496487,-2.1883012562919366,-167.81937349223574,-1.8868714972415377,0.2657139846319828,0.7672251342498875,0.4296272275487129,-9.404734438726111,62.49396905449767,29.597041970350126,0.8338754996657372,-0.1583365723490715,-0.00010833027772605419,7.5206309630331045,-0.11443528387106792,0
STABILIZE,62.47982382774353,49.535318224227325,-11.106843736282359,55.989653525692205,25.785630029581615,-5.705707012993441,-10.0,40.0,0.0,0.5977538236105978,-2.188326869501324,-167.87871417574482,-1.870963079420401,0.1928843584297006,0.7947620623571918,0.4292289907336888,-9.404734438726111,62.49396905449767,29.597041970350126,0.06876291590742767,-1.2075974605977535,0.5581044591963291,7.5206309630331045,0.30743735331071986,0
STABILIZE,62.52288222312927,23.22736133262449,-10.994737907723671,56.2271369130551,25.95245165860444,-5.001717896135224,-10.0,40.0,0.0,0.6237458950536697,-2.205746199762384,-168.02366445031083,-1.916926728994306,0.21034271049400088,1.2766350580145907,0.42886117885304187,-9.404734438726111,62.49396905449767,29.597041970350126,0.7958609610795975,-0.08934800862334669,-0.019262147543486208,7.5206309630331045,0.924042632432685,0
STABILIZE,62.547428131103516,40.7578030862518,-10.894729549874308,56.455982666804466,26.127120946670654,-4.342400779843161,-10.0,40.0,0.0,0.6316516255745479,-2.2148967322594966,-168.04564399905993,-1.9026359674477484,0.16120552046426562,1.2315763878783499,0.428475924754644,-9.404734438726111,62.49396905449767,29.597041970350126,0.39323135279119015,-0.4974336829036474,0.7636692374944687,7.5206309630331045,0.20363579352328906,0
STABILIZE,62.58070182800293,30.059153617371987,-10.802776329792655,56.67258842335345,26.28952611448235,-3.727388857632139,-10.0,40.0,0.0,0.6360815368598302,-2.228169924250947,-168.06796505726754,-1.9117551330496423,0.13946981233868158,1.4643090661869325,0.4281161627896963,-9.404734438726111,62.49396905449767,29.597041970350126,0.05597328417934477,-0.8279125206172466,0.2949946792796254,7.5206309630331045,-1.3588087190963263,0
STABILIZE,62.61351037025452,30.48429743656833,-10.713754547808554,56.89414828236059,26.452716278917904,-3.114696840983035,-10.0,40.0,0.0,0.6454709125344821,-2.2423246375321524,-168.13645819426443,-1.9400487883069517,0.12246389801370668,1.8210349027105832,0.4277546431356527,-9.404734438726111,62.49396905449767,29.597041970350126,0.2736896276473999,-0.3747094189748168,0.6609673146158457,7.5206309630331045,0.4833858277750251,0
STABILIZE,62.66179347038269,20.714760543068664,-10.626118836789553,57.10017804136634,26.611106339719637,-2.5142748889162094,-10.0,40.0,0.0,0.6682155491923303,-2.2465587144873256,-168.23068748405393,-1.8040058336184426,0.04360480516045302,0.9839523205552447,0.42738658026400167,-9.404734438726111,62.49396905449767,29.597041970350126,0.41271825321018696,-1.0052434168756008,0.6767902988940477,7.5206309630331045,1.3347358240883223,0
STABILIZE,62.68369174003601,45.67714674652872,-10.52014335968166,57.29121288831072,26.769550736951793,-1.8697160964444297,-10.0,40.0,0.0,0.6773416424188193,-2.252689236154235,-168.27217405307258,-2.0985705766091685,0.25270353590403316,4.742669618689353,0.4270461538429004,-9.404734438726111,62.49396905449767,29.597041970350126,0.3377140499651432,-0.775856152176857,0.33533344976603985,7.5206309630331045,-0.20270284571156086,0
STABILIZE,62.71718096733093,29.865664096155626,-10.46203234855346,57.508460779683915,26.90426383993714,-1.4137639353173945,-10.0,40.0,0.0,0.683632246644401,-2.2656815366160687,-168.29607971516762,-1.9791695587717146,0.022128335361742562,1.8743320736260096,0.4267406823850711,-9.404734438726111,62.49396905449767,29.597041970350126,0.4283530171960592,-0.6355916615575552,0.24096157867461443,7.5206309630331045,-0.2414459331799078,0
STABILIZE,62.75058913230896,29.93771636176758,-10.38998920464503,57.712775969218214,27.04122750112495,-0.9110573557068339,-10.0,40.0,0.0,0.687235064709877,-2.2724453448850856,-168.3253539059503,-1.9706824909048286,0.04072667057377976,2.465191773322881,0.4264306472606042,-9.404734438726111,62.49396905449767,29.597041970350126,0.20726830698549747,-0.12720039812847972,0.26789947878569365,7.5206309630331045,-0.16813492481679576,0
STABILIZE,62.785526752471924,28.62752110734201,-10.32144592490842,57.903893315801135,27.187229918475005,-0.42123298938230114,-10.0,40.0,0.0,0.7019682629972706,-2.2767624513273566,-168.37902553244825,-1.9436515611200988,0.016150709794598494,2.5522877504501538,0.42610066214240905,-9.404734438726111,62.49396905449767,29.597041970350126,0.2111413748934865,-0.6072151008993387,1.1207915842533112,7.5206309630331045,0.3648058997382288,0
STABILIZE,62.81758785247803,31.19647744853029,-10.25015224002256,58.08604059854711,27.315363134776923,0.04772985488987305,-10.0,40.0,0.0,0.7052809581055797,-2.27638871191371,-168.39414757127068,-1.9711055496888263,0.024785159653267864,2.9518092092559933,0.42580933819427985,-9.404734438726111,62.49396905449767,29.597041970350126,0.6049511022865772,-0.8366333320736885,0.33400426618754864,7.5206309630331045,0.6143287183746617,0
STABILIZE,62.850555419921875,30.33898501244141,-10.184745432057412,58.263446911853265,27.44278545988046,0.4752923331054898,-10.0,40.0,0.0,0.7125563368712597,-2.2843870768752064,-168.4148703652125,-1.9662619243907467,-0.00042104877407030464,2.8834845794075847,0.42551836695697454,-9.404734438726111,62.49396905449767,29.597041970350126,0.5806379020214081,-0.7796956226229668,0.6765250116586685,7.5206309630331045,-0.1770736680887855,0
STABILIZE,62.885159492492676,28.90530305640743,-10.127927259854983,58.44267101830034,27.561761113703778,0.8824575355905265,-10.0,40.0,0.0,0.7134577617591427,-2.2889688531478156,-168.4185313466076,-1.9667993092574532,-0.03322900131536636,2.8878069512458424,0.42524234742823247,-9.404734438726111,62.49396905449767,29.597041970350126,0.054601667216047645,-0.2748926170170307,0.36817663349211216,7.5206309630331045,-0.5554531814202395,0
STABILIZE,62.9185311794281,29.96937543318114,-10.073335209933413,58.61677862720501,27.677667239309933,1.2786357416705016,-10.0,40.0,0.0,0.716607226018459,-2.2931126435398976,-168.43980055568304,-1.9805775801493921,-0.043327836924732945,3.132663254994207,0.42497345084685445,-9.404734438726111,62.49396905449767,29.597041970350126,0.054601667216047645,-0.2748926170170307,0.36817663349211216,7.5206309630331045,-0.5554531814202395,0
STABILIZE,62.95208954811096,29.80348463746696,-10.015737688388912,58.77235487141089,27.79174221644058,1.664568497336326,-10.0,40.0,0.0,0.7219234610702562,-2.2941388794626922,-168.45325602834797,-1.9560028401883969,-0.04478233314405714,3.297535833717902,0.4247079743979964,-9.404734438726111,62.49396905449767,29.597041970350126,0.5475205834954977,-1.116199791431427,0.6143278442323208,7.5206309630331045,0.36160488889501996,0
STABILIZE,62.98511099815369,30.288813304736525,-9.965831314938805,58.92799516116671,27.89665417311038,2.0214468194118864,-10.0,40.0,0.0,0.724275767548238,-2.2972513112901023,-168.44996387716802,-1.9723093562833636,-0.06745983595151521,3.37210150282056,0.4244612643895036,-9.404734438726111,62.49396905449767,29.597041970350126,0.21721303928643465,-0.7544399704784155,0.340805365704,7.5206309630331045,-0.14005764464488651,0
STABILIZE,63.02174496650696,27.30133437479659,-9.923824294462829,59.08504084642529,27.99937057706788,2.364837500986673,-10.0,40.0,0.0,0.7261634077192474,-2.301829459024715,-168.4451144428573,-1.9567935898792563,-0.10004176476772189,3.2998329973622154,0.4242149381069487,-9.404734438726111,62.49396905449767,29.597041970350126,-0.1830457942560315,-0.33540285658091307,0.450670113787055,7.5206309630331045,0.11533432086078409,0
STABILIZE,63.05652642250061,28.75588067928616,-9.881530743736473,59.23603853437779,28.100425794010935,2.690302009303119,-10.0,40.0,0.0,0.7247905930569277,-2.3054556491437572,-168.43813398952554,-1.9706452362153253,-0.10353023592930315,3.483473032756159,0.4239736868984374,-9.404734438726111,62.49396905449767,29.597041970350126,0.027601062902249396,-0.393788842484355,0.5884523969143629,7.5206309630331045,-0.13273616210230885,0
STABILIZE,63.09144735336304,28.64120511052082,-9.836441502559191,59.3757384928656,28.18654621078244,2.9960876198320783,-10.0,40.0,0.0,0.727151437271372,-2.305620214014072,-168.43025195122337,-1.9602845430163507,-0.10389416857070999,3.5528499243516984,0.42376216141018713,-9.404734438726111,62.49396905449767,29.597041970350126,0.6087739951908588,-0.6724659353494644,0.06102256593294442,7.5206309630331045,-0.06803938298433158,0
STABILIZE,63.126941442489624,28.181087654702555,-9.78993135116661,59.511825118496226,28.271237283384316,3.2920576975607547,-10.0,40.0,0.0,0.7281340240165018,-2.3079337271520024,-168.42022523352176,-1.9593601793053428,-0.10864403172931919,3.6431734318592595,0.4235526461846597,-9.404734438726111,62.49396905449767,29.597041970350126,0.6087739951908588,-0.6724659353494644,0.06102256593294442,7.5206309630331045,-0.06803938298433158,0
STABILIZE,63.15726375579834,32.98731409606053,-9.74744115576384,59.63199317012601,28.359733473628843,3.5715696177902534,-10.0,40.0,0.0,0.7283383960830733,-2.3117475340298084,-168.3963468921834,-1.9789613235508194,-0.10859338625358586,3.9990104892636333,0.4233414874676293,-9.404734438726111,62.49396905449767,29.597041970350126,0.6136319134384394,-1.3046377338469028,0.6349191069602966,7.5206309630331045,0.28966103894382117,0
STABILIZE,63.19141244888306,29.286764654540377,-9.712676293905469,59.7518855579348,28.43538504998794,3.8189526404225775,-10.0,40.0,0.0,0.7273688827469017,-2.3128527440148807,-168.37662130586043,-1.9533577847797055,-0.14044637787553846,3.7285100506573023,0.42315102632607243,-9.404734438726111,62.49396905449767,29.597041970350126,0.39880191907286644,-0.872286967933178,0.2867219503968954,7.5206309630331045,0.10905971155085634,0
STABILIZE,63.225924491882324,28.982400375900884,-9.682905984928544,59.87908862075699,28.510460360435534,4.074308814465658,-10.0,40.0,0.0,0.7275019113531583,-2.314628593199084,-168.35346696457407,-1.9771004505961007,-0.1580867556232219,3.93509278227935,0.4229618000367402,-9.404734438726111,62.49396905449767,29.597041970350126,-0.09124322677962482,-0.26015141047537327,0.15394941437989473,7.5206309630331045,0.16086352143465604,0
STABILIZE,63.258020639419556,31.161942688172843,-9.644783460881515,59.99092986614564,28.583786870175487,4.3091195072548825,-10.0,40.0,0.0,0.7260560456832312,-2.3159060520172883,-168.32717073626952,-1.9711075745195412,-0.14042132507476954,4.040374616040424,0.42279552054590763,-9.404734438726111,62.49396905449767,29.597041970350126,0.650916900485754,-0.9240082465112209,0.34379709977656603,7.5206309630331045,-0.0873024240942584,0
STABILIZE,63.29230260848999,29.17553439388986,-9.616856223545097,60.09668973647407,28.651357940864965,4.52594422797296,-10.0,40.0,0.0,0.7244100768149639,-2.318324152426884,-168.29698130013807,-1.952468866768499,-0.16965766086700323,3.9802605158499755,0.42265798719562125,-9.404734438726111,62.49396905449767,29.597041970350126,0.16844639321789145,-0.962078757584095,0.27359870728105307,7.5206309630331045,0.03569985132692282,0
STABILIZE,63.3248291015625,30.750705660681685,-9.582396638507598,60.20916792064803,28.71536276289431,4.743978150709794,-10.0,40.0,0.0,0.723466603575003,-2.3183356783711084,-168.28696824281482,-1.986446058308629,-0.15966837347086132,4.186402795168016,0.4225318962719745,-9.404734438726111,62.49396905449767,29.597041970350126,0.6056610029190779,-0.3209394868463278,0.12499982258304954,7.5206309630331045,0.2821536738701987,0
STABILIZE,63.35925269126892,29.054273661168875,-9.549809883307368,60.311296021408594,28.77356413311555,4.944104417766564,-10.0,40.0,0.0,0.7194488515174489,-2.322239131481771,-168.2298678613535,-1.9617580040647535,-0.16949053209553033,4.128554276722539,0.4224132304810433,-9.404734438726111,62.49396905449767,29.597041970350126,0.669335387647152,-0.6514665205031633,0.05297826719470322,7.5206309630331045,0.33707690585313727,0
STABILIZE,63.392998456954956,29.6390013638323,-9.521815286455258,60.408813247877674,28.82972987994036,5.130946211977536,-10.0,40.0,0.0,0.7172508112651741,-2.322787040719253,-168.19932325538522,-1.9634624296780492,-0.1817745402280023,4.185276126766045,0.4223016024425247,-9.404734438726111,62.49396905449767,29.597041970350126,0.3943683113902807,-0.7699690293520689,-0.006216699694050476,7.5206309630331045,-0.28954369842831446,0
STABILIZE,63.42771911621094,28.807824390779967,-9.50739897456825,60.49705701045647,28.88846573740206,5.309477939691562,-10.0,40.0,0.0,0.7146883163876557,-2.324692450054275,-168.15800061090664,-1.9498233208973872,-0.2136122332283543,4.2439348413698434,0.4221840794994013,-9.404734438726111,62.49396905449767,29.597041970350126,-0.34216593485325575,-1.0395725257694721,0.39373370818793774,7.5206309630331045,0.06953916979610474,0
STABILIZE,63.46257948875427,28.690379774543068,-9.49128881795964,60.57471984863239,28.952216867004452,5.476511096928253,-10.0,40.0,0.0,0.7112667117785967,-2.3274546212433105,-168.11221102271088,-1.9268850262076689,-0.21410036638757768,4.218699212104324,0.4220540909761481,-9.404734438726111,62.49396905449767,29.597041970350126,-0.1455654390156269,-1.4680144377052784,0.8850614540278912,7.5206309630331045,0.017904173640531443,0
STABILIZE,63.494481325149536,31.355531300928487,-9.467719209785677,60.65714421638931,29.010023746650866,5.637607978831618,-10.0,40.0,0.0,0.708984147935343,-2.328708387842831,-168.07486354832926,-1.962224520203731,-0.20050857422315993,4.39420443628845,0.4219429952808782,-9.404734438726111,62.49396905449767,29.597041970350126,0.4151132423430681,-0.9465931914746761,0.6332825869321823,7.5206309630331045,0.022900717152553613,0
STABILIZE,63.52944040298462,28.60877572318207,-9.450811938850999,60.7508771591916,29.055377693925518,5.7779883431952275,-10.0,40.0,0.0,0.7051331485430723,-2.331224458778334,-168.02908762051183,-1.9827237738862564,-0.22217876170453318,4.311450291286563,0.421850613043317,-9.404734438726111,62.49396905449767,29.597041970350126,0.21985324565321207,0.17334946896880865,0.217712065204978,7.5206309630331045,0.06002889176901568,0
STABILIZE,63.56501507759094,28.113652968342596,-9.433253679720872,60.84016944771437,29.1004298360372,5.916506428444578,-10.0,40.0,0.0,0.7009363174632168,-2.331908331468982,-167.992013353697,-1.9615988576356185,-0.22593105232814675,4.2920093368067995,0.42175568628069515,-9.404734438726111,62.49396905449767,29.597041970350126,0.24351675529032946,0.02358827186981216,0.23297113366425037,7.5206309630331045,0.11504876025653937,0
STABILIZE,63.596959590911865,31.3105898863823,-9.418476872876179,60.923818670129165,29.152966872057004,6.057609202516492,-10.0,40.0,0.0,0.6978940017965051,-2.3336703068314333,-167.95599093601436,-1.9822340563502887,-0.23225244449049293,4.5167452727298425,0.42165676261573887,-9.404734438726111,62.49396905449767,29.597041970350126,0.008155879186233506,-0.2495304448530078,0.584572134539485,7.5206309630331045,-0.06782127049814075,0
STABILIZE,63.651201009750366,18.438446253670715,-9.403747069488062,60.983935354652374,29.190744400207656,6.178029296765734,-10.0,40.0,0.0,0.6883239462739652,-2.33595329756151,-167.84183115422675,-1.9348132500576807,-0.2312597144480794,4.432624978693129,0.42157976646164114,-9.404734438726111,62.49396905449767,29.597041970350126,0.28926897794008255,-1.305790152400732,0.20241402089595795,7.5206309630331045,0.3138934028606893,0
STABILIZE,63.68073558807373,33.866272638454895,-9.38114201449308,61.04542039803362,29.228795713159915,6.289370434811493,-10.0,40.0,0.0,0.6851521238172876,-2.337255729258867,-167.80814466124025,-1.901513098946474,-0.22908163290778996,4.214388631037275,0.4214833411384346,-9.404734438726111,62.49396905449767,29.597041970350126,0.8189208805561066,-1.0777621529996395,0.2694658003747463,7.5206309630331045,-0.0013738952195907093,0
STABILIZE,63.70075726509094,49.961929720071474,-9.361736295250797,61.11161517109004,29.294114993738926,6.451606090789632,-10.0,40.0,0.0,0.6842592366658671,-2.337638219852388,-167.78983975426462,-2.046760395593464,-0.21199300136402482,5.5021303650360975,0.42138846129769103,-9.404734438726111,62.49396905449767,29.597041970350126,-0.14674064004793763,-1.4553770422935486,0.9973435662686825,7.5206309630331045,0.3346716920895143,0
STABILIZE,63.732617139816284,31.39519599991018,-9.361749426109302,61.158683432268894,29.31909806958886,6.503225125807608,-10.0,40.0,0.0,0.679245237484843,-2.3397342341539353,-167.7314689576177,-1.9304672204781397,-0.2693523869600708,4.250396295229687,0.42132705856431996,-9.404734438726111,62.49396905449767,29.597041970350126,0.2524446463212371,-0.9182680398225784,0.6380252540111542,7.5206309630331045,-0.13465142985490242,0
STABILIZE,63.76501488685608,30.871569154221532,-9.351720973925982,61.22313384235285,29.34800620277489,6.582257474771029,-10.0,40.0,0.0,0.6749294650638942,-2.341895775582833,-167.67455982145313,-1.9549473535344672,-0.25360208408153506,4.403989420417798,0.42126317345217995,-9.404734438726111,62.49396905449767,29.597041970350126,0.31809175852686167,-0.10947902919724584,0.30585890635848045,7.5206309630331045,-0.09186956615296228,0
STABILIZE,63.799248456954956,29.216790426169215,-9.335510790699313,61.279929666388085,29.376854614961612,6.672160894364861,-10.0,40.0,0.0,0.6708978925454412,-2.343315814599961,-167.62066962890174,-1.9484624553553338,-0.24140779425853043,4.52886871722032,0.42120608956028255,-9.404734438726111,62.49396905449767,29.597041970350126,0.6073594558984041,-0.6640815176069736,0.08895757491700351,7.5206309630331045,0.026101888078321072,0
STABILIZE,63.830769538879395,31.731279599340304,-9.332156070007159,61.336510266812255,29.40743687015241,6.75735657605932,-10.0,40.0,0.0,0.6659526221429404,-2.345472660273804,-167.56912902142483,-1.958548590196436,-0.27111806932960614,4.5952020996283505,0.42114806351543876,-9.404734438726111,62.49396905449767,29.597041970350126,-0.1578229246661067,-0.37694908678531647,0.4851280711591244,7.5206309630331045,0.2295367513100501,0
STABILIZE,63.86740040779114,27.303289306661284,-9.317506332712801,61.38282964964999,29.437936839952346,6.829125850026584,-10.0,40.0,0.0,0.6608055409948069,-2.346337532977457,-167.51828509324326,-1.9304331086095492,-0.24823815858596382,4.48894465044418,0.4210809507205722,-9.404734438726111,62.49396905449767,29.597041970350126,0.6831372156739235,-0.8467855863273144,0.6093121133744717,7.5206309630331045,0.1577296919052367,0
STABILIZE,63.89872694015503,31.932029447815395,-9.306978636986827,61.435558090221065,29.46671320779102,6.908137525418552,-10.0,40.0,0.0,0.6545223005669241,-2.346895474055282,-167.45033837137996,-1.961230364205868,-0.2581641041772958,4.649640699918309,0.42102967331098695,-9.404734438726111,62.49396905449767,29.597041970350126,0.32483122777193785,-0.41397539898753166,0.291768042370677,7.5206309630331045,0.11175720938618824,0
STABILIZE,63.93233275413513,29.7624568922697,-9.307349839871911,61.47853353321179,29.487134819411196,6.969085361636848,-10.0,40.0,0.0,0.6498153397334333,-2.3480179729566917,-167.39531436742635,-1.9360179253675036,-0.28171731483260853,4.546269657063659,0.42098632057557317,-9.404734438726111,62.49396905449767,29.597041970350126,-0.2448787447065115,-0.7432710379362106,0.17873584292829037,7.5206309630331045,0.10553355969077113,0
STABILIZE,63.969924211502075,26.605669628981204,-9.299674963024652,61.518603811166344,29.515290539126557,7.026353883766925,-10.0,40.0,0.0,0.6439530097131525,-2.3485761274779287,-167.34064553330956,-1.9265748631893178,-0.2667129799801408,4.518645976398823,0.4209247661008739,-9.404734438726111,62.49396905449767,29.597041970350126,0.2683991799131036,-0.8639671839773655,0.6438859272748232,7.5206309630331045,-0.13802773109985722,0
STABILIZE,64.00124096870422,31.937621832358673,-9.28944520970483,61.56604899640028,29.534610163652545,7.091893416611021,-10.0,40.0,0.0,0.6378810782627169,-2.350546637053477,-167.28193322720412,-1.9608080978400166,-0.2635492629768695,4.673567499013927,0.42089377127751304,-9.404734438726111,62.49396905449767,29.597041970350126,0.3668764838948846,-0.3723618108779192,-0.011557764082681388,7.5206309630331045,0.10980046024057875,0
STABILIZE,64.03488945960999,29.725754783841246,-9.276846839098791,61.601453509325,29.55639610120052,7.137589031361833,-10.0,40.0,0.0,0.6319320368564887,-2.3520119260738563,-167.22671797795374,-1.9346948925076708,-0.2572514616423953,4.55500275920843,0.4208475498505407,-9.404734438726111,62.49396905449767,29.597041970350126,0.8033948950469494,-0.7454299367964268,0.5954448133707047,7.5206309630331045,-0.008103832687235012,0
STABILIZE,64.07527899742126,24.762102677938884,-9.270944077365584,61.64476657009265,29.578567286668388,7.186170487453837,-10.0,40.0,0.0,0.6240505855236758,-2.35826176260783,-167.19379646615428,-1.937371428063917,-0.27490050847374536,4.551969007419613,0.4207950196027182,-9.404734438726111,62.49396905449767,29.597041970350126,0.2491480903699994,-0.24111326783895493,0.5217108875513077,7.5206309630331045,0.09315278794327843,0
STABILIZE,64.10690379142761,31.631251885369533,-9.263594277469293,61.68860509896243,29.603062469133082,7.239395078387908,-10.0,40.0,0.0,0.6408606949272821,-2.3558447294152915,-167.1364228771262,-1.9622654189572835,-0.27306841207129157,4.681135614060186,0.42075652708946376,-9.404734438726111,62.49396905449767,29.597041970350126,0.2491480903699994,-0.24111326783895493,0.5217108875513077,7.5206309630331045,0.09315278794327843,0
STABILIZE,64.14175295829773,28.697446563945373,-9.29742388504379,61.71918863856001,29.62150446463807,7.255278224777771,-10.0,40.0,0.0,0.6209444502769067,-2.3412573663388483,-167.03828671913143,-1.9207432050002629,-0.35605775718765453,4.44395599750247,0.4207155338574393,-9.404734438726111,62.49396905449767,29.597041970350126,-2.22041979432106,-0.7309343200176954,0.5576797295361757,7.5206309630331045,-1.1936223015668606,0
STABILIZE,64.17527198791504,29.839954467842915,-9.30431167541342,61.776841896653686,29.634204923835444,7.25358600767196,-10.0,40.0,0.0,0.6131994426449354,-2.347249149788242,-166.97744339400495,-1.9867807411840932,-0.31129171468745864,4.342051534198584,0.42069186963040767,-9.404734438726111,62.49396905449767,29.597041970350126,-0.46258592046797276,1.053012814372778,0.185551424510777,7.5206309630331045,-2.4009621843080455,0
STABILIZE,64.21374654769897,25.996516694454602,-9.289009738579889,61.81200098431194,29.675275784448658,7.317864898728343,-10.0,40.0,0.0,0.6031861718782852,-2.33416827031061,-166.9254383336645,-1.9432440267764284,-0.26396064750253273,4.725220868384201,0.42060382851317685,-9.404734438726111,62.49396905449767,29.597041970350126,1.0496857576072216,-0.24321130476891994,2.038426697254181,7.5206309630331045,1.8929926914411461,0
STABILIZE,64.24159336090088,35.922131533645654,-9.306673256068969,61.802541357378736,29.684541326924602,7.254182683731637,-10.0,40.0,0.0,0.5881189346517957,-2.370807966339497,-166.82283523195255,-1.8527931541104672,-0.3250859375706067,3.8911328013439723,0.4205981393251248,-9.404734438726111,62.49396905449767,29.597041970350126,-1.1266982182860374,-2.9947958886623383,0.12221789220348,7.5206309630331045,-5.971586580017958,0
STABILIZE,64.27510213851929,29.84738658601672,-9.284902783891585,61.84751291546665,29.687674499932132,7.390874557579936,-10.0,40.0,0.0,0.5638185623279184,-2.3347872562041423,-166.7810071534754,-1.9757910451741592,-0.25281297769966526,5.245586326248758,0.4205846238170057,-9.404734438726111,62.49396905449767,29.597041970350126,1.607409305870533,0.7509952411055565,0.014120858395472169,7.5206309630331045,6.954623263859336,0
STABILIZE,64.30872535705566,29.746414944468874,-9.268523259775082,61.870863083248985,29.724358958770452,7.264054085127368,-10.0,40.0,0.0,0.5773647484427576,-2.3422716494305953,-166.77122632258394,-1.9360046617131135,-0.25308202695543586,3.6059960674064984,0.4205112026038128,-9.404734438726111,62.49396905449767,29.597041970350126,1.1443981900811195,-0.7221064995974302,1.9057592377066612,7.5206309630331045,-9.260626608797164,0
STABILIZE,64.35135078430176,23.463456385412762,-9.27022340684503,61.852290868070085,29.734756140619428,7.219439499340726,-10.0,40.0,0.0,0.5782563549337089,-2.346543078982792,-166.65973031457264,-1.8580270458947425,-0.2789067847014395,4.122094887765394,0.42047984644949826,-9.404734438726111,62.49396905449767,29.597041970350126,-0.052834313828498125,-3.3433575183153152,0.3077976405620575,7.5206309630331045,-4.095044612636199,0
STABILIZE,64.37523603439331,41.8768745382296,-9.216475254809156,61.84707889662549,29.787045015580556,7.264385186581219,-10.0,40.0,0.0,0.5860066986509692,-2.318604190182855,-166.54222374009174,-1.892720043179609,-0.11838521910453782,4.734808939830539,0.42039743834483856,-9.404734438726111,62.49396905449767,29.597041970350126,3.42753529548645,-2.463102713227272,2.5712037459015846,7.5206309630331045,1.1491919210159276,0
STABILIZE,64.4098014831543,28.93561361268825,-9.239839528200141,61.901529581205594,29.792725438471194,7.3075272016606805,-10.0,40.0,0.0,0.5924394028277989,-2.3252734430205493,-166.5781778558827,-1.986409013926752,-0.3403220612856255,4.633847320749553,0.4203733085806013,-9.404734438726111,62.49396905449767,29.597041970350126,-1.2024893425405025,1.667529158294201,0.595535384491086,7.5206309630331045,1.7078582795538348,0
STABILIZE,64.44341039657593,29.75886705973337,-9.24120177074563,61.96163093671065,29.79086751330101,7.378972116400346,-10.0,40.0,0.0,0.5713484723618871,-2.3509169613725387,-166.5867155923452,-2.0112132515648247,-0.30139561346481536,4.855168895251152,0.4203784617474253,-9.404734438726111,62.49396905449767,29.597041970350126,0.0006612695869989693,2.0092949271202087,-0.37250907626003027,7.5206309630331045,3.130677397117405,0
STABILIZE,64.47764754295349,29.216790426169215,-9.231449235055935,61.96976070208314,29.80873985656537,7.4039944237692605,-10.0,40.0,0.0,0.5615311426470516,-2.3329164247017933,-166.5028272089591,-1.9146066874637155,-0.26582357380437593,4.588740420792734,0.4203417459665876,-9.404734438726111,62.49396905449767,29.597041970350126,0.7898100651800632,-1.289530098438263,0.9947521612048149,7.5206309630331045,0.4273576792917047,0
STABILIZE,64.50991940498352,30.98995153091382,-9.231236100012913,61.960196091449944,29.816058561473127,7.3490514276152785,-10.0,40.0,0.0,0.5671487597959756,-2.3456210034448404,-166.4462732426314,-1.8778627428631511,-0.27884467927985546,4.071427030551432,0.42032910973983406,-9.404734438726111,62.49396905449767,29.597041970350126,0.15668582636862993,-2.3587848991155624,0.36243428476154804,7.5206309630331045,-4.362946829998902,0
STABILIZE,64.5438928604126,29.440530087669426,-9.231515675172442,61.94923929537997,29.82192851887886,7.291868123314529,-10.0,40.0,0.0,0.5529154459784623,-2.321857067775073,-166.42843278851933,-1.875852018938612,-0.27772886008115893,4.03796039805604,0.42031567994157265,-9.404734438726111,62.49396905449767,29.597041970350126,0.15668582636862993,-2.3587848991155624,0.36243428476154804,7.5206309630331045,-4.362946829998902,0
STABILIZE,64.57960367202759,28.006650596617277,-9.182782498099265,61.956831211806026,29.843134018630103,7.202765457925762,-10.0,40.0,0.0,0.5408735023066126,-2.3490892454393255,-166.37708342633917,-1.9245032280919518,-0.17970996864195155,3.8232248148687282,0.42027105268594633,-9.404734438726111,62.49396905449767,29.597041970350126,3.417922556400299,-1.0931422002613544,1.3274912722408772,7.5206309630331045,-6.245571934610203,0
STABILIZE,64.61088824272156,31.97267959507257,-9.175378645122093,61.987223528615715,29.827507487478233,7.239887704945351,-10.0,40.0,0.0,0.5275560208072628,-2.342017438327424,-166.29863187353243,-1.9663922659965654,-0.2650408230634886,4.581868989423125,0.4203077561098534,-9.404734438726111,62.49396905449767,29.597041970350126,0.6121126003563404,0.42556668631732464,-0.994296558201313,7.5206309630331045,1.4930503242608149,0
STABILIZE,64.64486145973206,29.44032344105343,-9.141122450624566,61.97454545959033,29.83338834131226,7.25607429767198,-10.0,40.0,0.0,0.5220515820273202,-2.333060499004598,-166.28277217427964,-1.886229207079567,-0.19783026018109892,4.448976372890526,0.4202926995101528,-9.404734438726111,62.49396905449767,29.597041970350126,2.544424682855606,-2.2918203845620155,0.5537694785743952,7.5206309630331045,0.219417692652544,0
STABILIZE,64.67876362800598,29.50224029148408,-9.153550896195862,61.99582840995084,29.840979320770995,7.211311212746533,-10.0,40.0,0.0,0.5007209546102233,-2.338775873236018,-166.1994438664055,-1.9407786802644162,-0.3013611158305364,4.063005864364188,0.42027752972239873,-9.404734438726111,62.49396905449767,29.597041970350126,-0.6197240203619003,-0.0511716294568032,0.6005618255585432,7.5206309630331045,-3.4554210890831887,0
STABILIZE,64.71276235580444,29.418641678298133,-9.143963416291237,61.99963977768524,29.8519770738828,7.193773854478707,-10.0,40.0,0.0,0.4838043903050999,-2.3413489335624087,-166.09338468897354,-1.9142523067381043,-0.25079222319493744,4.213142910296696,0.42025543160108486,-9.404734438726111,62.49396905449767,29.597041970350126,0.8624253794550896,-1.1354061774909496,0.8350910618901253,7.5206309630331045,-1.7584561074818779,0
STABILIZE,64.74574708938599,30.32297337352969,-9.134917943415878,62.00276424597519,29.86212695506852,7.176052262084514,-10.0,40.0,0.0,0.4815641949790415,-2.341300908794807,-166.04263638344034,-1.913992094998257,-0.24984148764912564,4.19809566496424,0.42023637650525947,-9.404734438726111,62.49396905449767,29.597041970350126,0.8624253794550896,-1.1354061774909496,0.8350910618901253,7.5206309630331045,-1.7584561074818779,0
STABILIZE,64.78311419487,26.767141471384083,-9.151721079122053,61.99535349269122,29.85597351024867,7.170553920808038,-10.0,40.0,0.0,0.48222853759753104,-2.325954327503435,-166.02639419359406,-1.8886037449419697,-0.2990776946901979,4.272878391873959,0.42024346588069594,-9.404734438726111,62.49396905449767,29.597041970350126,-0.8184859529137611,-1.7711583524942398,-0.15321439132094383,7.5206309630331045,-1.0124386205058726,0
STABILIZE,64.81615781784058,30.27154363578625,-9.145182385115213,62.018013952792295,29.87123026133714,7.231039096284173,-10.0,40.0,0.0,0.47497188849121563,-2.3500211393742094,-165.9761103409244,-1.953432048759675,-0.2629586965886834,4.705908865769714,0.42021818552392176,-9.404734438726111,62.49396905449767,29.597041970350126,0.6826783996075392,0.21392391063272953,1.13662825897336,7.5206309630331045,3.028206416877231,0
STABILIZE,64.84797477722168,31.433547671508013,-9.129511587351608,62.04265635347845,29.873736319117754,7.137486127502305,-10.0,40.0,0.0,0.46046851539722244,-2.327629004510557,-165.9236818088554,-1.9642599371788367,-0.23904003916740565,3.696975395055662,0.42021434189283974,-9.404734438726111,62.49396905449767,29.597041970350126,1.402788981795311,0.33746659755706787,0.4722519777715206,7.5206309630331045,-6.361511834450231,0
STABILIZE,64.8810806274414,30.21223384331691,-9.128906391391476,62.07558132953415,29.875674744532223,7.153596996153129,-10.0,40.0,0.0,0.462280863404803,-2.3285348583492302,-165.94077094215876,-1.9773798283511332,-0.274480621018085,4.389377710723936,0.42020904339449133,-9.404734438726111,62.49396905449767,29.597041970350126,0.4419872071594,0.9036671370267868,0.49515762366354465,7.5206309630331045,0.2887599075406291,0
STABILIZE,64.91463279724121,29.80962737112926,-9.15929891803499,62.084737149396126,29.881225522852436,7.140188487385191,-10.0,40.0,0.0,0.4429024161102868,-2.3344340073580057,-165.80352512097653,-1.9237901865334408,-0.33522030192258273,4.204193010635169,0.42019744262152703,-9.404734438726111,62.49396905449767,29.597041970350126,-1.6481384634971619,-0.5859257187694311,0.6791978608816862,7.5206309630331045,-1.4830131478320696,0
STABILIZE,64.94794487953186,30.02558504126966,-9.189829984490633,62.101422083665234,29.88460061734978,7.122623393866906,-10.0,40.0,0.0,0.440428980496243,-2.342483171851454,-165.70806639713643,-1.9399413985678444,-0.3402024004426527,4.1680225674431375,0.42019101337451925,-9.404734438726111,62.49396905449767,29.597041970350126,-1.6418876126408577,-0.06470089429058135,0.5509381182491779,7.5206309630331045,-1.7265443964625204,0
STABILIZE,64.98371362686157,27.96146743731792,-9.207527841797305,62.11703717742627,29.89338457836226,7.134403575918606,-10.0,40.0,0.0,0.4558678493826899,-2.3319275413760225,-165.70831228394655,-1.940861031043906,-0.3124660686470245,4.34644405223484,0.4201704175534822,-9.404734438726111,62.49396905449767,29.597041970350126,-0.7753073237836361,-0.10075562167912722,0.9121516719460487,7.5206309630331045,0.05582804528498016,0
STABILIZE,65.0165147781372,30.494936055430745,-9.196865375080275,62.135258898846736,29.901735683666743,7.154382609437822,-10.0,40.0,0.0,0.46052731905710803,-2.3275195080404254,-165.6482885815205,-1.9578636767107942,-0.25632901805385594,4.415360372373174,0.42015758761725114,-9.404734438726111,62.49396905449767,29.597041970350126,1.10376738011837,0.09877736447378993,0.8858237415552139,7.5206309630331045,0.5582042535518736,0
STABILIZE,65.05020809173584,29.68851263829215,-9.213270759948047,62.13363950144897,29.91245678280638,7.130647146344844,-10.0,40.0,0.0,0.44627522221937727,-2.317698763231005,-165.5286373276402,-1.9119156803367705,-0.3086621759531004,4.1375628202320005,0.4201347536152621,-9.404734438726111,62.49396905449767,29.597041970350126,-0.6728427018970251,-1.1412414722144604,1.1082765646278858,7.5206309630331045,-2.1620054548742105,0
STABILIZE,65.0834596157074,30.077260112871187,-9.2295390439172,62.1314851676649,29.923593749345418,7.10631950563644,-10.0,40.0,0.0,0.4253756971327845,-2.3285429691988697,-165.4804435128566,-1.9111530318197736,-0.30923439125902813,4.118074817529309,0.42011284621006273,-9.404734438726111,62.49396905449767,29.597041970350126,-0.6728427018970251,-1.1412414722144604,1.1082765646278858,7.5206309630331045,-2.1620054548742105,0
STABILIZE,65.11562633514404,31.09517666770458,-9.24974624285794,62.15033169454957,29.90287689963701,7.110682873832915,-10.0,40.0,0.0,0.417903496861217,-2.3514352019758133,-165.47866766367238,-1.9534794014721515,-0.3263473864930043,4.293492457953139,0.4201557043714655,-9.404734438726111,62.49396905449767,29.597041970350126,-0.938261765986681,0.24499648716300726,-0.8492598310112953,7.5206309630331045,-0.4405817259376427,0
STABILIZE,65.14999318122864,29.10346454616735,-9.253880417798971,62.18819470349195,29.901815220929752,7.129694913265339,-10.0,40.0,0.0,0.4086961083753489,-2.3342190698425616,-165.41111709278096,-1.994430197726203,-0.2967366092406808,4.388486334381386,0.4201552745808601,-9.404734438726111,62.49396905449767,29.597041970350126,0.1250073779374361,1.5032504685223103,0.40437374264001846,7.5206309630331045,0.4497871667523803,0
STABILIZE,65.18352842330933,29.825101329730497,-9.256927541414989,62.17882351395004,29.892670200540987,7.186010801664288,-10.0,40.0,0.0,0.4010645992774762,-2.3236237388925796,-165.34692697496118,-1.9049594094979347,-0.2856779211029297,4.649802085390235,0.42017483809308886,-9.404734438726111,62.49396905449767,29.597041970350126,0.1845856662839651,-1.5315079130232334,-0.13797702267766,7.5206309630331045,2.776499858697098,0
STABILIZE,65.21673679351807,30.118079590986774,-9.246890806351683,62.19735368942576,29.88150548017998,7.184694734206518,-10.0,40.0,0.0,0.3990776545592371,-2.3148012689190387,-165.33890833287558,-1.9642496364797148,-0.26456817261504517,4.302953275125966,0.42019698064653943,-9.404734438726111,62.49396905449767,29.597041970350126,1.046435721218586,0.31003309413790703,-0.22310845088213682,7.5206309630331045,-0.8033933171599336,0
STABILIZE,65.25044536590576,29.67234036532394,-9.251325107923584,62.200835275491805,29.875011325773322,7.196080717449014,-10.0,40.0,0.0,0.39896767784142934,-2.3236881988028713,-165.29370614094844,-1.9321147576145812,-0.2917466022830558,4.385325430480653,0.42020976795639775,-9.404734438726111,62.49396905449767,29.597041970350126,0.07074821041896939,-0.6361897103488445,0.08015263010747731,7.5206309630331045,-0.013946018985549551,0
STABILIZE,65.28422260284424,29.609290176838094,-9.26277744768399,62.207185802090756,29.86213529411314,7.210974349426903,-10.0,40.0,0.0,0.38344545930276713,-2.3136113218995753,-165.21888824878013,-1.9365225522008878,-0.30842577985811953,4.414638371000571,0.42023532176568534,-9.404734438726111,62.49396905449767,29.597041970350126,-0.40016849525272846,-0.42122919112443924,-0.32023468520492315,7.5206309630331045,0.2106789992180416,0
STABILIZE,65.31718969345093,30.338107224488613,-9.254743399503264,62.217644969439895,29.8631557902392,7.224421443481404,-10.0,40.0,0.0,0.3808979321444846,-2.31388367569273,-165.20339737974254,-1.951327998691321,-0.26892177612362206,4.416304392869208,0.42023434339507343,-9.404734438726111,62.49396905449767,29.597041970350126,0.8885721676051617,-0.13017910532653332,0.5699657835066319,7.5206309630331045,0.12741234980940125,0
STABILIZE,65.3513240814209,29.30088161736968,-9.258823729187373,62.2221064596796,29.86167318490456,7.240532393096846,-10.0,40.0,0.0,0.3746510838182732,-2.3120896838185434,-165.13728114857682,-1.9368559260031173,-0.29369339944489475,4.439313103458455,0.4202361372526876,-9.404734438726111,62.49396905449767,29.597041970350126,0.07666908204555511,-0.4917610436677933,0.41428771801292896,7.5206309630331045,0.29119036098766937,0
STABILIZE,65.38603138923645,28.81811685813225,-9.272862165163737,62.22814915190721,29.857652693859418,7.260352392699134,-10.0,40.0,0.0,0.36667566402351975,-2.3114504208009126,-165.0950979002628,-1.9377718013442657,-0.3156366656535488,4.469759127081833,0.42024300086003336,-9.404734438726111,62.49396905449767,29.597041970350126,-0.5901883821934462,-0.3643497824668884,0.24198130704462528,7.5206309630331045,0.533831257107212,0
STABILIZE,65.42061519622803,28.921646911179607,-9.269046975629573,62.2442452366575,29.855882166661775,7.259965423060951,-10.0,40.0,0.0,0.3603680910467188,-2.3144516486108984,-165.06788642660948,-1.9629278947378082,-0.2823044675232957,4.353741804254528,0.4202469267763671,-9.404734438726111,62.49396905449767,29.597041970350126,0.5829662084579468,0.3020789008587599,0.3663633018732071,7.5206309630331045,-0.6854062815596061,0
STABILIZE,65.45369386672974,30.235973442715128,-9.26552443395942,62.24212377017021,29.856434198167065,7.273638523801994,-10.0,40.0,0.0,0.352280266615351,-2.3078231634648128,-165.00988446017772,-1.9290813856449884,-0.27838916901296806,4.446899812386773,0.4202476493668833,-9.404734438726111,62.49396905449767,29.597041970350126,0.55570462718606,-0.8439664728939533,0.5216832272708416,7.5206309630331045,0.1862738795399398,0
STABILIZE,65.48745203018188,29.62895147674854,-9.268095982550305,62.241374809509146,29.857527129672146,7.289252909398192,-10.0,40.0,0.0,0.34615657513761144,-2.3076009688733756,-164.97076113661188,-1.9305244234922205,-0.2922272184542958,4.466182053075303,0.4202446818612016,-9.404734438726111,62.49396905449767,29.597041970350126,0.15289366710931063,-0.7321684155613184,0.5770708899945021,7.5206309630331045,0.31028239390429463,0
STABILIZE,65.52108907699585,29.734184035162343,-9.270191650098973,62.251696773299116,29.854121858055063,7.30095351394624,-10.0,40.0,0.0,0.3412026869573688,-2.305199730493293,-164.94695109716523,-1.9530482975842927,-0.29469600587347133,4.450055670418017,0.4202515382796675,-9.404734438726111,62.49396905449767,29.597041970350126,0.17654760740697384,-0.0042504754674155265,0.29011950828135014,7.5206309630331045,0.08890766529155683,0
STABILIZE,65.55540823936462,29.14552946653788,-9.270581784695715,62.2516124757192,29.851491285596065,7.310075818639054,-10.0,40.0,0.0,0.3326584671512266,-2.30344031645178,-164.8903151685675,-1.934057955120237,-0.2890056724403539,4.4392240665206995,0.4202560513973089,-9.404734438726111,62.49396905449767,29.597041970350126,0.28340776916593313,-0.6505671888589859,0.33803910482674837,7.5206309630331045,-0.0504487910659191,0
STABILIZE,65.58854627609253,30.18158006461873,-9.269586429988246,62.24950836226722,29.84931698850455,7.318825775405226,-10.0,40.0,0.0,0.3271353787531986,-2.301896266812534,-164.86069946832632,-1.9308161165165076,-0.2858602053302831,4.444113349452712,0.4202618066597854,-9.404734438726111,62.49396905449767,29.597041970350126,0.3672040533274412,-0.7584383245557547,0.36041797138750553,7.5206309630331045,-0.05487179212075193,0
STABILIZE,65.62257885932922,29.39307764003448,-9.269690996567183,62.25841549733673,29.84635296081967,7.33355655328006,-10.0,40.0,0.0,0.3218577235980415,-2.2993543692242318,-164.83266837197257,-1.952896599705605,-0.2915410583356119,4.488258363143418,0.4202673814239491,-9.404734438726111,62.49396905449767,29.597041970350126,0.2966678235679865,-0.04438035248313099,0.32301354221999645,7.5206309630331045,0.32661780516058503,0
STABILIZE,65.65890526771545,27.53324230648041,-9.266258196080775,62.25445052211499,29.850074425843058,7.340830106724805,-10.0,40.0,0.0,0.31305414336642395,-2.2963170694776918,-164.78323146276003,-1.9295782317631025,-0.2813217867153939,4.44603226593343,0.4202580319050413,-9.404734438726111,62.49396905449767,29.597041970350126,0.5224230233579874,-0.8490254171192646,0.7303906138986349,7.5206309630331045,-0.10921126971327921,0
STABILIZE,65.68974471092224,32.43152294939998,-9.26871292522934,62.249659251420226,29.854027867266257,7.346939671597549,-10.0,40.0,0.0,0.3079931866348561,-2.2934848888496635,-164.75617025326844,-1.925980674570456,-0.29348585657450177,4.4455068694668505,0.4202528697840128,-9.404734438726111,62.49396905449767,29.597041970350126,0.12805447913706303,-0.8848776109516621,0.739717110991478,7.5206309630331045,-0.1606128188075622,0
STABILIZE,65.72416114807129,29.062527716186253,-9.270430227883082,62.26096209397138,29.857926754456084,7.3617574630661675,-10.0,40.0,0.0,0.30379686248310306,-2.290760710587886,-164.73290662895536,-1.9589491277933186,-0.296767727890681,4.506800939303062,0.42024470840961975,-9.404734438726111,62.49396905449767,29.597041970350126,0.18495291005820036,0.14654429396614432,0.7567077409476042,7.5206309630331045,0.39158416330736623,0
STABILIZE,65.75679063796997,30.653842780717397,-9.274018415661413,62.263464220470084,29.850705583779106,7.3650567165003835,-10.0,40.0,0.0,0.2955906836800236,-2.287922126657511,-164.68796398421668,-1.9417986452857336,-0.29874241999527423,4.438415625849901,0.42025793787958243,-9.404734438726111,62.49396905449767,29.597041970350126,0.049723300617188215,-0.3992865327745676,0.04486143297981471,7.5206309630331045,-0.2937393555694064,0
STABILIZE,65.79152631759644,28.793783080587918,-9.27418746070995,62.27219296156664,29.846221939909857,7.369578308156229,-10.0,40.0,0.0,0.2892535754711476,-2.2847298669941765,-164.656599755548,-1.955367740319617,-0.29355663745911836,4.447851499647323,0.42026619854526087,-9.404734438726111,62.49396905449767,29.597041970350126,0.26861834339797497,0.017972185742110014,0.2010899130254984,7.5206309630331045,-0.20182590011494148,0
STABILIZE,65.82338213920593,31.39707610656566,-9.274339430677328,62.28081695393061,29.841655784247425,7.373784292605953,-10.0,40.0,0.0,0.2870383530242421,-2.2837894353228303,-164.64757024546523,-1.957662239606271,-0.2939890820966459,4.450632955493361,0.42027859974891524,-9.404734438726111,62.49396905449767,29.597041970350126,0.26861834339797497,0.017972185742110014,0.2010899130254984,7.5206309630331045,-0.20182590011494148,0
STABILIZE,65.85675239562988,29.971731145760387,-9.27529529999272,62.27828326033035,29.840488820927327,7.378336150544792,-10.0,40.0,0.0,0.2757211297759276,-2.2796264350237077,-164.59064744892234,-1.9354372393138595,-0.2930211862781713,4.454231453227724,0.4202791161227711,-9.404734438726111,62.49396905449767,29.597041970350126,0.22097406908869743,-0.6968921981751919,0.43657971546053886,7.5206309630331045,-0.15943518480490357,0
STABILIZE,65.91465473175049,17.273163057713056,-9.273328391024714,62.2775048682941,29.838294889017487,7.38470191062669,-10.0,40.0,0.0,0.2729096264783947,-2.2782264596872666,-164.5724791457301,-1.9406737112613295,-0.2889865893605621,4.45566938835806,0.4202622571064557,-9.404734438726111,62.49396905449767,29.597041970350126,0.4013754893094301,-0.5622974131256342,0.34834202378988266,7.5206309630331045,-0.03461083636070247,0
STABILIZE,65.92976760864258,66.21365537927224,-9.269623323146158,62.27753018555833,29.842966770336357,7.392609881653622,-10.0,40.0,0.0,0.2729096264783947,-2.2782264596872666,-164.5724791457301,-1.9433020362818332,-0.2795373726880352,4.510711343501214,0.42028894212479595,-9.404734438726111,62.49396905449767,29.597041970350126,0.40000774897634983,-0.3736681304872036,0.5476707592606544,7.5206309630331045,0.03551218120730614,0
STABILIZE,65.96354532241821,29.60970823067637,-9.269276728785043,62.28115847191375,29.840901162703908,7.399267631484714,-10.0,40.0,0.0,0.25873164786532915,-2.2711254108279806,-164.49659574405126,-1.949288371051602,-0.2922120387004208,4.478180647415638,0.420277043267101,-9.404734438726111,62.49396905449767,29.597041970350126,0.40000774897634983,-0.3736681304872036,0.5476707592606544,7.5206309630331045,0.03551218120730614,0
STABILIZE,65.99798607826233,29.040192202505004,-9.270026502116895,62.27778855330643,29.837149228115017,7.406120036980353,-10.0,40.0,0.0,0.2547972187795638,-2.269077848180858,-164.47150162904063,-1.9361526879117996,-0.2930386468491535,4.483458660494889,0.42028459100937016,-9.404734438726111,62.49396905449767,29.597041970350126,0.20651251543313265,-0.6903780158609152,0.2315811114385724,7.5206309630331045,0.03434203106426544,0
STABILIZE,66.03466081619263,27.27098003263958,-9.264725955409844,62.281965536279614,29.83681109875651,7.4093508633265275,-10.0,40.0,0.0,0.24831632975257373,-2.2680484106068897,-164.4356158151414,-1.9522287166187873,-0.2829988475962884,4.463234369924395,0.4202826200334023,-9.404734438726111,62.49396905449767,29.597041970350126,0.6098421756178141,-0.2054406562820077,0.45133261010050774,7.5206309630331045,-0.16953631421583842,0
STABILIZE,66.08289694786072,20.736472088872627,-9.262268190492087,62.28267925726855,29.829357631048595,7.4132266246277405,-10.0,40.0,0.0,0.24533409840621692,-2.2670734011028704,-164.42106751220928,-1.9459388281375494,-0.2880597094955538,4.466772622453915,0.42029218408180846,-9.404734438726111,62.49396905449767,29.597041970350126,0.4317754879593849,-0.43045422062277794,0.02381684898864478,7.5206309630331045,-0.11157298104158302,0
STABILIZE,66.10102319717407,55.17877205214897,-9.259199247455644,62.2827306730362,29.822589428423417,7.4169956910746935,-10.0,40.0,0.0,0.2422643552611193,-2.265488370328604,-164.40516683182148,-1.945925328751682,-0.28351455794856223,4.480115582823395,0.42032476493904203,-9.404734438726111,62.49396905449767,29.597041970350126,0.4317754879593849,-0.43045422062277794,0.02381684898864478,7.5206309630331045,-0.11157298104158302,0
STABILIZE,66.13578081130981,28.7752142205391,-9.260081018654803,62.281625966165315,29.821755421284724,7.423437354778295,-10.0,40.0,0.0,0.2356962746005058,-2.2633400623912237,-164.37727233925114,-1.942831912177884,-0.2937841044130221,4.491100413948122,0.42031499626605034,-9.404734438726111,62.49396905449767,29.597041970350126,0.2905248664319515,-0.6089443806558847,0.5142991431057453,7.5206309630331045,0.08818822759245765,0
STABILIZE,66.1697142124176,29.476323667898857,-9.259338221689056,62.27883379119419,29.822799052272654,7.429988485972703,-10.0,40.0,0.0,0.229920629285746,-2.261131136524959,-164.35011550711118,-1.9402920858225357,-0.29025802966047026,4.496641176613449,0.42031396044661706,-9.404734438726111,62.49396905449767,29.597041970350126,0.2905248664319515,-0.6089443806558847,0.5142991431057453,7.5206309630331045,0.08818822759245765,0
STABILIZE,66.20338416099548,29.73291934271901,-9.255485021973268,62.281198527692574,29.81947550439475,7.438436358810791,-10.0,40.0,0.0,0.223529426512252,-2.2596148345292164,-164.3270841092299,-1.9516957045229912,-0.2850927340900574,4.5135307065534835,0.4203211176781445,-9.404734438726111,62.49396905449767,29.597041970350126,0.5157775245606899,-0.28860641177743673,0.2481089672073722,7.5206309630331045,0.21755002278072896,0
STABILIZE,66.23916435241699,27.931116231370616,-9.251698470908288,62.283550959399854,29.816088150983603,7.446670325348143,-10.0,40.0,0.0,0.212467254800542,-2.255579259946797,-164.2841222193505,-1.9520385949225838,-0.285702074543216,4.514108582386535,0.42032522575234443,-9.404734438726111,62.49396905449767,29.597041970350126,0.5157775245606899,-0.28860641177743673,0.2481089672073722,7.5206309630331045,0.21755002278072896,0
STABILIZE,66.27112102508545,31.297506230692317,-9.251319651553697,62.28228474843751,29.818795579230088,7.448641659553979,-10.0,40.0,0.0,0.2067036156776826,-2.2529492102295188,-164.25905542509656,-1.9448017899977537,-0.2914258622701534,4.481440794954018,0.42032403823142184,-9.404734438726111,62.49396905449767,29.597041970350126,0.2888439456000924,-0.5179425235837698,0.6278533022850752,7.5206309630331045,-0.16210194678897044,0
STABILIZE,66.30895042419434,26.440632663224715,-9.251059535745942,62.28105324774502,29.821469946828426,7.4501606645361464,-10.0,40.0,0.0,0.20280413795056068,-2.251183819772482,-164.2406002539592,-1.9456857773867495,-0.29189603687442056,4.478131925977214,0.4203119614239699,-9.404734438726111,62.49396905449767,29.597041970350126,0.2888439456000924,-0.5179425235837698,0.6278533022850752,7.5206309630331045,-0.16210194678897044,0
STABILIZE,66.34051847457886,31.6826226536239,-9.247848393712577,62.27780399633536,29.823864271669507,7.454857677299436,-10.0,40.0,0.0,0.19461258002117332,-2.2469689527243495,-164.20679081756762,-1.9422363831469578,-0.2845590699188221,4.502857609421147,0.420314844864294,-9.404734438726111,62.49396905449767,29.597041970350126,0.4360286984592676,-0.5906682461500168,0.5490865558385849,7.5206309630331045,0.026132203712869614,0
STABILIZE,66.37459897994995,29.346804550733967,-9.24563407179898,62.27555491653972,29.825145355936897,7.459037792393722,-10.0,40.0,0.0,0.1898232833916721,-2.245224906608469,-164.18721549540638,-1.9447168441399367,-0.28748215845687247,4.499770398251173,0.4203087452797089,-9.404734438726111,62.49396905449767,29.597041970350126,0.4360286984592676,-0.5906682461500168,0.5490865558385849,7.5206309630331045,0.026132203712869614,0
STABILIZE,66.41330456733704,25.840838380166716,-9.248192852587003,62.27671112814387,29.82487113884772,7.464458872397349,-10.0,40.0,0.0,0.18356101377897535,-2.2408155926124027,-164.159239040566,-1.9503062831067024,-0.2978365080740621,4.506703943612137,0.4203041097459748,-9.404734438726111,62.49396905449767,29.597041970350126,0.09481283486820757,-0.33780180383473635,0.4109025467187166,7.5206309630331045,0.10229304847620999,0
STABILIZE,66.4435498714447,33.07028305605929,-9.244023586692952,62.2732009680621,29.82482936399511,7.4636609173275446,-10.0,40.0,0.0,0.18034727637235212,-2.238877312992,-164.14164447326405,-1.942965907898544,-0.28197724653576395,4.472880055990268,0.42031452989409274,-9.404734438726111,62.49396905449767,29.597041970350126,0.4999144934117794,-0.5898059345781803,0.3829071531072259,7.5206309630331045,-0.27461685360578053,0
STABILIZE,66.50124597549438,17.334843237256052,-9.241008091174306,62.27961975770431,29.821201425137232,7.46626423600683,-10.0,40.0,0.0,0.17563710054747464,-2.2359680792923977,-164.11825790554593,-1.9582504398529959,-0.2898975648655957,4.488742875293818,0.42028846873718884,-9.404734438726111,62.49396905449767,29.597041970350126,0.5229384172707796,-0.06225942634046078,0.26526995934545994,7.5206309630331045,-0.033042580904563905,0
STABILIZE,66.52555871009827,41.13595260979581,-9.23243393565681,62.28095747529447,29.82306490549076,7.469861314714654,-10.0,40.0,0.0,0.1739211222402147,-2.2343693881397915,-164.1102939049737,-1.9579502669592,-0.26797977134682216,4.511492946386485,0.4203248533266179,-9.404734438726111,62.49396905449767,29.597041970350126,0.5229384172707796,-0.06225942634046078,0.26526995934545994,7.5206309630331045,-0.033042580904563905,0
STABILIZE,66.55039548873901,40.272921927659944,-9.231063952527398,62.283130343193385,29.818067943428364,7.468703263786061,-10.0,40.0,0.0,0.1682352298800171,-2.2313438277808877,-164.08327367661713,-1.9579157603206157,-0.2887832735666541,4.471883579500737,0.4203342822406424,-9.404734438726111,62.49396905449767,29.597041970350126,0.615690229460597,-0.4442247096449137,0.30728005804121494,7.5206309630331045,-0.22216991204251535,0
STABILIZE,66.58840441703796,26.31422960857754,-9.234218576687015,62.282273474734446,29.81462000051382,7.47184021775178,-10.0,40.0,0.0,0.1597724520755994,-2.227178693047649,-164.04659556077416,-1.9500175188615572,-0.2979128831713688,4.499698075115984,0.42032567025402606,-9.404734438726111,62.49396905449767,29.597041970350126,0.2200067974627018,-0.6015291437506676,0.34036284778267145,7.5206309630331045,0.031781844043634586,0
STABILIZE,66.61667656898499,35.38063906603232,-9.234395019416372,62.281933099676145,29.81237515494072,7.472658138044548,-10.0,40.0,0.0,0.15472083349328739,-2.224567639794,-164.02670604991107,-1.951819075734642,-0.2927259658066891,4.489351368392984,0.4203413621435116,-9.404734438726111,62.49396905449767,29.597041970350126,0.33448520116508007,-0.49795182421803474,0.3534376388415694,7.5206309630331045,-0.10624228519865252,0
STABILIZE,66.6461968421936,33.88214005864724,-9.23216216024085,62.28049787271159,29.811108142575748,7.47446871556737,-10.0,40.0,0.0,0.14971410472846972,-2.221984974514089,-164.00782740704517,-1.950553822312915,-0.2865929813618755,4.497023459565403,0.42034279793263607,-9.404734438726111,62.49396905449767,29.597041970350126,0.5482640117406845,-0.6110506597906351,0.4443061538040638,7.5206309630331045,-0.035280978636890545,0
STABILIZE,66.68289422988892,27.25680233427129,-9.231511683435938,62.2815060340712,29.812154335837214,7.475374303111965,-10.0,40.0,0.0,0.14499805920977424,-2.2199768988981052,-163.9871592546167,-1.9555924294349816,-0.2913290540207851,4.4901562984277845,0.42033189722083814,-9.404734438726111,62.49396905449767,29.597041970350126,0.3703223541378975,-0.3803363535553217,0.5338376387953758,7.5206309630331045,-0.09090972447137716,0
STABILIZE,66.7151551246643,31.000946073793756,-9.228435476625101,62.280820937630175,29.815068402572276,7.476203000469437,-10.0,40.0,0.0,0.14210675475674323,-2.2178657301143367,-163.97318468757484,-1.9536488483865315,-0.28535821457439897,4.490833471506681,0.4203311945601794,-9.404734438726111,62.49396905449767,29.597041970350126,0.4356791730970144,-0.39264922961592674,0.5571702029556036,7.5206309630331045,-0.0968731332872462,0
STABILIZE,66.75296330451965,26.455475520682217,-9.22609687879409,62.277946733342255,29.81616702685195,7.481654781939063,-10.0,40.0,0.0,0.13504297845320132,-2.214101228664602,-163.944265666629,-1.9501840851794745,-0.2871910263068777,4.517832033018901,0.42032257414607416,-9.404734438726111,62.49396905449767,29.597041970350126,0.44304090552031994,-0.5918825976550579,0.49103135243058205,7.5206309630331045,0.2008895638890547,0
STABILIZE,66.78632235527039,29.983086590082138,-9.223135726095222,62.27435503947712,29.817959896891914,7.487146334446176,-10.0,40.0,0.0,0.13140292785262087,-2.213210956194973,-163.932695326175,-1.9479251953238805,-0.284212413324532,4.528820665543347,0.4203282227626817,-9.404734438726111,62.49396905449767,29.597041970350126,0.44304090552031994,-0.5918825976550579,0.49103135243058205,7.5206309630331045,0.2008895638890547,0
STABILIZE,66.82970237731934,23.055253842263802,-9.220193179067039,62.27467345781702,29.814473855028865,7.4867504928822415,-10.0,40.0,0.0,0.12848729085067168,-2.210869055083305,-163.9189939667,-1.9565258568003325,-0.2875391594942882,4.4903541162353795,0.42031538927550005,-9.404734438726111,62.49396905449767,29.597041970350126,0.5386218894273043,-0.42469948530197144,0.23439566139131784,7.5206309630331045,-0.14695753642898776,0
STABILIZE,66.86387801170349,29.26469582690845,-9.220057839723435,62.277791087071726,29.81672827747841,7.487699279887679,-10.0,40.0,0.0,0.1235212630763964,-2.2068035984232663,-163.89558007822518,-1.962182560880153,-0.29245615988567153,4.498168733894464,0.4203257593351012,-9.404734438726111,62.49396905449767,29.597041970350126,0.2656989498063922,-0.15878690173849463,0.5253857467323542,7.5206309630331045,-0.08276305635948411,0
STABILIZE,66.89209961891174,35.44132831974312,-9.218517963300373,62.27951013103436,29.81946253396032,7.493359453806713,-10.0,40.0,0.0,0.12024194518157047,-2.204245479135685,-163.87802649205824,-1.9612436299972853,-0.28880810046910604,4.536064408108347,0.4203273593421831,-9.404734438726111,62.49396905449767,29.597041970350126,0.3902280470356345,-0.27969328220933676,0.5757035687565804,7.5206309630331045,0.22497186374738085,0
STABILIZE,66.92715096473694,28.536174497557525,-9.218958154214988,62.282061726924546,29.81576084537953,7.494439982071095,-10.0,40.0,0.0,0.11424933463895698,-2.2014348562922246,-163.85547320741887,-1.9621477498219948,-0.2937228911936226,4.502860624377044,0.4203268857072964,-9.404734438726111,62.49396905449767,29.597041970350126,0.3463203553110361,-0.30213664285838604,0.24664164520800114,7.5206309630331045,-0.032778197888810194,0
STABILIZE,66.97318434715271,21.72595374375178,-9.21296043825253,62.27877298083578,29.814510233792955,7.493592794424953,-10.0,40.0,0.0,0.10652776576161789,-2.1983898725828683,-163.83022882824648,-1.9546885269714775,-0.28207436915045675,4.492483880331595,0.420315947101372,-9.404734438726111,62.49396905449767,29.597041970350126,0.6793379317969084,-0.587309617549181,0.30260272324085236,7.5206309630331045,-0.15759138057454392,0
STABILIZE,66.99285817146301,50.84374621184571,-9.2076703799585,62.27607084564858,29.812788540360025,7.492584477064109,-10.0,40.0,0.0,0.10426019631802655,-2.197342292318918,-163.82387675231837,-1.9517314206003593,-0.27095926219818856,4.4850884809869225,0.4203514367502743,-9.404734438726111,62.49396905449767,29.597041970350126,0.6793379317969084,-0.587309617549181,0.30260272324085236,7.5206309630331045,-0.15759138057454392,0
STABILIZE,67.02613139152527,30.059584471057025,-9.211594322768594,62.27760077140668,29.81387650067747,7.495211825501657,-10.0,40.0,0.0,0.10058204606848213,-2.1955585457284865,-163.80824927949737,-1.9607010138790697,-0.3001664423041178,4.512721327449182,0.42033206217076924,-9.404734438726111,62.49396905449767,29.597041970350126,0.27395884972065687,-0.5039480049163103,0.6724505685269833,7.5206309630331045,0.0834892508765806,0
STABILIZE,67.06026220321655,29.30743323504339,-9.212876101741916,62.278192919216224,29.817229233709636,7.4959462198648135,-10.0,40.0,0.0,0.09607732286744715,-2.1933709642033783,-163.7896575045766,-1.9601696859908537,-0.2946582498042825,4.501885559200042,0.4203249700068603,-9.404734438726111,62.49396905449767,29.597041970350126,0.19909476395696402,-0.3368885023519397,0.6081154104322195,7.5206309630331045,-0.04525732369334042,0
STABILIZE,67.09345865249634,30.129329789526615,-9.209694587686679,62.276938694365775,29.816570101690342,7.503412846104744,-10.0,40.0,0.0,0.0939114458692523,-2.1921321386426675,-163.77935757930823,-1.9582292499254002,-0.28484492522901916,4.547590870225588,0.4203277533012108,-9.404734438726111,62.49396905449767,29.597041970350126,0.5191305186599493,-0.4632338881492615,0.34299883991479874,7.5206309630331045,0.3803393507364245,0
STABILIZE,67.13372707366943,24.83644309171764,-9.208810020624272,62.27552220361807,29.8168828311908,7.503245790845108,-10.0,40.0,0.0,0.08960337075133289,-2.1885635782447475,-163.7574053513158,-1.9583049346427859,-0.2900643332626638,4.501127701429515,0.42031762510914494,-9.404734438726111,62.49396905449767,29.597041970350126,0.37294395733624697,-0.4866883158683777,0.4194485954940319,7.5206309630331045,-0.09429641774243244,0
STABILIZE,67.16257095336914,34.678572609716575,-9.205894495569865,62.27205998522783,29.820424770506097,7.5052231368800335,-10.0,40.0,0.0,0.08487234417318834,-2.1862797337410242,-163.74162761433308,-1.9533024047790402,-0.2831484773876218,4.517692724917879,0.4203267493680325,-9.404734438726111,62.49396905449767,29.597041970350126,0.3916983027011156,-0.5050139501690865,0.5213090218603611,7.5206309630331045,0.03055443770544214,0
STABILIZE,67.19382381439209,32.00659315502308,-9.206314473715395,62.27379613979632,29.81577567975643,7.507557652742501,-10.0,40.0,0.0,0.08127079342796856,-2.184064404572413,-163.72452482065137,-1.9644541462556062,-0.2932024681339115,4.518788111431824,0.4203293815736463,-9.404734438726111,62.49396905449767,29.597041970350126,0.40427353233098984,-0.38016398902982473,0.19881008192896843,7.5206309630331045,0.0837311022722012,0
STABILIZE,67.22737646102905,29.808356252976,-9.204127153132196,62.275192029052576,29.814548680550313,7.509937836710146,-10.0,40.0,0.0,0.07745549244628175,-2.1821788454746662,-163.71033168755608,-1.9650930281578463,-0.2876092013702997,4.520259465004284,0.4203311934482915,-9.404734438726111,62.49396905449767,29.597041970350126,0.4768835846334696,-0.30285476241260767,0.32633624505251646,7.5206309630331045,0.0786532568306934,0
STABILIZE,67.26325798034668,27.875241747359887,-9.202128274712356,62.27236085761502,29.814414531704934,7.509293073670693,-10.0,40.0,0.0,0.07282948002662616,-2.179692016286547,-163.69571508273225,-1.9576150068403553,-0.28712411546463085,4.502000316902796,0.4203281602566604,-9.404734438726111,62.49396905449767,29.597041970350126,0.4538469947874546,-0.5748094990849495,0.39112153463065624,7.5206309630331045,-0.10593834178058695,0
STABILIZE,67.29849815368652,28.38246559027731,-9.201754258239557,62.26826242629427,29.82171050688746,7.509585719296469,-10.0,40.0,0.0,0.07012811352945966,-2.1786837096103238,-163.68284700633595,-1.9549357005330632,-0.289883918540651,4.507428795666016,0.420314955616822,-9.404734438726111,62.49396905449767,29.597041970350126,0.34366550389677286,-0.6502475123852491,0.8475535549223423,7.5206309630331045,-0.046722229182589566,0
STABILIZE,67.32901167869568,32.779011699242716,-9.199020334789584,62.26637425623968,29.821479108357696,7.509608666400993,-10.0,40.0,0.0,0.06488873144603842,-2.1769930243473343,-163.66619500513946,-1.95967167489313,-0.28479103215494833,4.505912823802088,0.42031995747305495,-9.404734438726111,62.49396905449767,29.597041970350126,0.5503044929355383,-0.5465203430503607,0.41333604604005814,7.5206309630331045,-0.055595031780619586,0
STABILIZE,67.36231064796448,30.039562832137282,-9.19990059166253,62.265539259310756,29.81598798218396,7.5117102512638585,-10.0,40.0,0.0,0.060221631169656974,-2.1738308602050296,-163.65079975875025,-1.961353356360278,-0.29322562896268395,4.519668496304158,0.42032837264101547,-9.404734438726111,62.49396905449767,29.597041970350126,0.32547367736697197,-0.4900229163467884,0.08397702476941049,7.5206309630331045,0.08059912703241978,0
STABILIZE,67.39443278312683,31.135571705354426,-9.202493286390913,62.268808096940646,29.81316498356537,7.51149355253824,-10.0,40.0,0.0,0.05736059566042822,-2.172371547600174,-163.6373033049503,-1.969732543193073,-0.2983554324366924,4.505550270489587,0.42033526800057336,-9.404734438726111,62.49396905449767,29.597041970350126,0.16895835287868977,-0.18639744957908988,0.22714280057698488,7.5206309630331045,-0.06238537373373619,0
STABILIZE,67.43000173568726,28.12024993966049,-9.197266849501249,62.26359170421609,29.819595884882965,7.514392585367297,-10.0,40.0,0.0,0.052438683971280334,-2.1708654908881866,-163.62297356807161,-1.95601353601617,-0.280069822877032,4.52497348428146,0.42031847827963564,-9.404734438726111,62.49396905449767,29.597041970350126,0.7038332056254148,-0.7498554419726133,0.8266909047961235,7.5206309630331045,0.1344147611321188,0
STABILIZE,67.46620678901672,27.626457298678716,-9.196107620070602,62.26008722610807,29.822310223934732,7.512455435425524,-10.0,40.0,0.0,0.04891945568185771,-2.1686352206807658,-163.6050101705545,-1.9585257383654493,-0.28834826391622087,4.49678528999857,0.42031213820342095,-9.404734438726111,62.49396905449767,29.597041970350126,0.4036786500364542,-0.6101601757109165,0.5600732751190662,7.5206309630331045,-0.16458129211747183,0
STABILIZE,67.50756764411926,24.180376919041386,-9.194239057356139,62.262403874661224,29.82181305660634,7.50922285692243,-10.0,40.0,0.0,0.04366218437250485,-2.166393211085709,-163.58701945228069,-1.9696065264735974,-0.2883236696692727,4.488680911307237,0.4203106123110116,-9.404734438726111,62.49396905449767,29.597041970350126,0.4884171299636364,-0.25879377499222755,0.3764989320188761,7.5206309630331045,-0.23784084727818403,0
STABILIZE,67.53350734710693,38.564411875580404,-9.196443028479719,62.26027068810396,29.824454696709857,7.509925523390127,-10.0,40.0,0.0,0.0413200297967855,-2.1648830989489016,-163.58016194235398,-1.9600768044001493,-0.2960980349151636,4.510816950212867,0.4203166056826378,-9.404734438726111,62.49396905449767,29.597041970350126,0.14299879549071193,-0.4790747072547674,0.5114348139613867,7.5206309630331045,0.005970699242395238,0
STABILIZE,67.56736993789673,29.53652009802541,-9.200896507039982,62.26062515113882,29.824938328437522,7.51056252502931,-10.0,40.0,0.0,0.039134049097264076,-2.163858357129988,-163.56991665859897,-1.965484114006468,-0.30123985866229364,4.5101479182282205,0.42031023562824854,-9.404734438726111,62.49396905449767,29.597041970350126,0.14299879549071193,-0.4790747072547674,0.5114348139613867,7.5206309630331045,0.005970699242395238,0
STABILIZE,67.60015511512756,30.5075790637456,-9.201034443877447,62.26432223580059,29.820383899602557,7.508356085687719,-10.0,40.0,0.0,0.03489203471522336,-2.1614882814879937,-163.55030035530268,-1.9739428741159482,-0.2931594077887018,4.491751762893029,0.4203195414022362,-9.404734438726111,62.49396905449767,29.597041970350126,0.36014055367559195,-0.17488389275968075,0.11984321754425764,7.5206309630331045,-0.16822291686321256,0
